# Step MSD_caffeine(A^2)
# TimeStep c_cMSDcaf[4]
1000 1.02457
2000 1.47289
3000 1.58155
4000 1.12049
5000 1.14368
6000 0.711674
7000 1.32115
8000 1.58517
9000 0.591615
10000 0.824758
11000 0.70356
12000 1.27004
13000 2.06322
14000 1.70994
15000 1.7163
16000 1.85021
17000 2.93371
18000 5.17147
19000 8.15802
20000 8.12325
21000 8.32463
22000 6.60086
23000 6.33726
24000 6.98906
25000 7.522
26000 6.28417
27000 6.97298
28000 4.67257
29000 3.95045
30000 3.60803
31000 4.95452
32000 5.94709
33000 6.02626
34000 7.86569
35000 5.79598
36000 6.37301
37000 5.167
38000 5.1882
39000 4.83981
40000 4.91744
41000 4.25976
42000 4.88795
43000 5.7842
44000 6.45033
45000 4.81604
46000 3.91587
47000 6.11785
48000 4.44358
49000 3.28035
50000 4.20304
51000 4.17671
52000 4.61452
53000 4.55739
54000 4.72228
55000 4.04799
56000 5.86719
57000 8.96801
58000 9.02347
59000 7.29889
60000 6.61694
61000 6.95618
62000 6.86465
63000 7.14478
64000 7.60115
65000 9.15513
66000 9.73165
67000 8.56984
68000 8.45911
69000 8.74267
70000 10.4868
71000 10.4041
72000 12.348
73000 10.6684
74000 8.22083
75000 8.23569
76000 6.16222
77000 6.71927
78000 8.01173
79000 9.57516
80000 9.88136
81000 9.71619
82000 9.82513
83000 9.66478
84000 9.62971
85000 8.81401
86000 9.38168
87000 10.5983
88000 9.49326
89000 10.0031
90000 10.3896
91000 9.742
92000 7.77225
93000 8.72009
94000 9.02179
95000 9.41413
96000 8.8466
97000 8.94442
98000 9.90758
99000 8.32241
100000 6.40174
101000 8.45511
102000 8.00028
103000 7.97845
104000 7.6711
105000 7.35751
106000 7.59291
107000 6.72326
108000 8.05331
109000 7.99929
110000 9.72409
111000 12.0698
112000 12.6052
113000 13.53
114000 15.1054
115000 14.9698
116000 14.9688
117000 14.81
118000 13.2738
119000 11.1499
120000 11.5978
121000 11.0489
122000 11.1083
123000 10.8825
124000 12.814
125000 13.2183
126000 13.665
127000 13.06
128000 13.8684
129000 13.457
130000 13.8619
131000 13.2153
132000 11.1582
133000 11.906
134000 12.7041
135000 13.1532
136000 13.8073
137000 14.1057
138000 13.9505
139000 13.9831
140000 14.0293
141000 14.2964
142000 14.2627
143000 14.292
144000 14.2066
145000 14.4701
146000 14.6375
147000 15.3926
148000 14.9606
149000 14.6939
150000 15.1041
151000 15.0705
152000 15.049
153000 15.0208
154000 14.7625
155000 15.1425
156000 15.5239
157000 15.3416
158000 15.3139
159000 15.317
160000 15.5742
161000 15.7677
162000 15.9523
163000 16.2355
164000 15.7536
165000 15.9411
166000 16.3448
167000 15.3688
168000 16.055
169000 16.0678
170000 16.0014
171000 16.9807
172000 19.1423
173000 19.0736
174000 19.6679
175000 18.8387
176000 18.1402
177000 18.9105
178000 19.248
179000 18.7124
180000 18.939
181000 18.0791
182000 19.1711
183000 19.1059
184000 19.6515
185000 19.4853
186000 20.5361
187000 19.3127
188000 19.3078
189000 19.7366
190000 19.8658
191000 19.2371
192000 20.1279
193000 20.8
194000 21.0466
195000 22.2083
196000 21.2207
197000 23.1894
198000 22.8914
199000 22.2045
200000 21.7061
201000 21.0907
202000 23.6126
203000 25.5858
204000 26.1116
205000 26.1407
206000 25.3129
207000 24.1269
208000 24.9071
209000 27.0194
210000 27.1578
211000 28.3844
212000 26.2415
213000 25.1439
214000 25.886
215000 24.8753
216000 23.6412
217000 24.2808
218000 25.0435
219000 25.232
220000 24.3069
221000 24.2798
222000 24.1771
223000 23.6672
224000 22.477
225000 22.3145
226000 22.2721
227000 21.6842
228000 20.5922
229000 19.5292
230000 23.6936
231000 23.4945
232000 23.2967
233000 23.811
234000 22.8551
235000 21.2491
236000 24.3242
237000 24.5906
238000 24.5769
239000 22.5098
240000 22.7146
241000 21.8348
242000 23.4488
243000 19.8778
244000 22.4712
245000 20.0513
246000 20.6508
247000 23.3353
248000 22.0012
249000 20.6274
250000 22.6878
251000 24.4493
252000 23.9702
253000 21.2751
254000 20.7701
255000 18.7736
256000 20.8966
257000 19.7526
258000 20.2085
259000 20.5136
260000 19.4739
261000 19.7181
262000 18.4427
263000 19.3863
264000 19.1389
265000 17.7077
266000 19.221
267000 20.1199
268000 20.5405
269000 20.5316
270000 20.4287
271000 21.6538
272000 21.1811
273000 20.3234
274000 21.0253
275000 22.403
276000 24.8224
277000 22.1126
278000 21.2684
279000 21.79
280000 22.1945
281000 19.1343
282000 19.8135
283000 21.4228
284000 20.8915
285000 20.7552
286000 20.0603
287000 19.0556
288000 20.4473
289000 19.4827
290000 20.837
291000 18.9006
292000 19.7441
293000 18.3254
294000 17.7328
295000 19.3437
296000 19.4122
297000 20.1399
298000 20.5098
299000 21.063
300000 20.6831
301000 18.1066
302000 20.0941
303000 21.6411
304000 21.4517
305000 23.0887
306000 21.9928
307000 22.1763
308000 23.7888
309000 22.9619
310000 24.894
311000 23.8354
312000 24.6682
313000 24.3037
314000 25.4007
315000 26.827
316000 24.4984
317000 25.0814
318000 25.4953
319000 24.5979
320000 23.3235
321000 23.5657
322000 24.4615
323000 24.5851
324000 26.4693
325000 27.5877
326000 26.5807
327000 25.4947
328000 25.9891
329000 26.983
330000 25.2677
331000 25.342
332000 25.4585
333000 27.1554
334000 27.026
335000 26.8746
336000 26.0647
337000 26.1877
338000 25.6294
339000 24.817
340000 24.216
341000 26.0075
342000 25.8034
343000 26.3632
344000 26.9639
345000 26.5268
346000 25.1992
347000 24.409
348000 24.4177
349000 25.9875
350000 25.4649
351000 24.7626
352000 23.428
353000 21.8971
354000 23.5567
355000 23.6426
356000 23.2452
357000 22.6836
358000 24.755
359000 25.7996
360000 26.5868
361000 26.2405
362000 29.5587
363000 29.559
364000 28.6334
365000 28.7826
366000 27.8342
367000 29.8209
368000 30.0375
369000 29.634
370000 29.5438
371000 29.1521
372000 29.5217
373000 28.9164
374000 28.5318
375000 28.3305
376000 27.9784
377000 28.1584
378000 27.5468
379000 27.0935
380000 28.7381
381000 29.4456
382000 28.5162
383000 29.606
384000 29.9217
385000 29.6683
386000 29.3326
387000 31.1763
388000 32.8
389000 32.4711
390000 32.5473
391000 31.945
392000 32.3084
393000 32.4004
394000 32.3798
395000 31.531
396000 30.9287
397000 29.5456
398000 28.0679
399000 24.3652
400000 25.2213
401000 24.073
402000 23.5441
403000 24.5209
404000 23.4699
405000 24.0579
406000 24.4244
407000 23.0178
408000 23.0157
409000 24.2989
410000 24.9064
411000 25.6562
412000 23.4947
413000 22.9855
414000 21.8152
415000 21.5049
416000 21.3599
417000 23.2461
418000 22.496
419000 20.1989
420000 19.4376
421000 19.6141
422000 20.3095
423000 20.5236
424000 19.5915
425000 19.1611
426000 17.6857
427000 17.4922
428000 17.7045
429000 14.8593
430000 15.1727
431000 15.2833
432000 15.0178
433000 15.5367
434000 13.7106
435000 14.3036
436000 15.0421
437000 13.6784
438000 13.5817
439000 14.6431
440000 17.3275
441000 17.6924
442000 15.566
443000 16.0665
444000 16.9684
445000 18.0941
446000 18.194
447000 19.7254
448000 18.4671
449000 18.3264
450000 19.2013
451000 16.4972
452000 17.4571
453000 17.5903
454000 16.0552
455000 15.0017
456000 14.4992
457000 15.6042
458000 16.4094
459000 15.9357
460000 16.6865
461000 15.4659
462000 16.1105
463000 15.885
464000 16.8995
465000 17.1363
466000 16.6381
467000 16.252
468000 14.2692
469000 14.0793
470000 14.7012
471000 14.0847
472000 14.0461
473000 14.9335
474000 16.2061
475000 15.0916
476000 17.4255
477000 18.684
478000 22.9175
479000 21.8764
480000 19.8421
481000 17.0762
482000 13.798
483000 13.7489
484000 12.9897
485000 15.0986
486000 17.9488
487000 20.0985
488000 18.6354
489000 17.6161
490000 16.3165
491000 12.5523
492000 11.5498
493000 9.95257
494000 10.8062
495000 11.2135
496000 13.0736
497000 11.1139
498000 10.2994
499000 8.21832
500000 6.32185
501000 6.45359
502000 7.05481
503000 6.21181
504000 5.8263
505000 6.39118
506000 7.41224
507000 6.76824
508000 7.05646
509000 8.71173
510000 7.8747
511000 7.11193
512000 5.41248
513000 6.68685
514000 6.80376
515000 7.94545
516000 8.40832
517000 8.3194
518000 6.96906
519000 8.05696
520000 10.3016
521000 11.7323
522000 9.5837
523000 10.6067
524000 11.8741
525000 10.0119
526000 9.87363
527000 11.485
528000 11.5331
529000 12.2059
530000 12.6205
531000 13.5813
532000 13.2913
533000 13.3387
534000 15.8878
535000 16.466
536000 15.5834
537000 15.5767
538000 16.1654
539000 16.5225
540000 17.7991
541000 18.7313
542000 17.0765
543000 15.8754
544000 15.961
545000 15.2074
546000 17.1857
547000 15.7431
548000 15.7972
549000 15.6403
550000 15.3173
551000 16.5702
552000 18.8078
553000 18.3002
554000 19.3702
555000 19.6928
556000 21.4849
557000 23.3308
558000 22.2107
559000 20.4424
560000 22.4518
561000 22.196
562000 21.8817
563000 21.122
564000 20.9272
565000 23.599
566000 21.7587
567000 21.7062
568000 23.6231
569000 21.7869
570000 22.8949
571000 20.9205
572000 19.6972
573000 18.2368
574000 19.075
575000 18.7532
576000 15.1853
577000 15.9288
578000 16.5771
579000 14.4699
580000 14.4166
581000 13.6491
582000 11.021
583000 10.3021
584000 10.8587
585000 12.5614
586000 12.4175
587000 10.3048
588000 10.8549
589000 9.64622
590000 7.35469
591000 8.34272
592000 12.1642
593000 11.018
594000 11.0165
595000 11.8486
596000 15.3893
597000 16.2708
598000 17.3022
599000 16.9102
600000 17.5833
601000 16.2595
602000 17.4103
603000 20.3468
604000 21.7345
605000 23.2525
606000 23.0834
607000 24.3038
608000 24.5443
609000 24.4752
610000 23.2622
611000 24.0032
612000 24.7938
613000 26.3233
614000 23.8122
615000 21.1956
616000 21.791
617000 21.3065
618000 19.5577
619000 21.0652
620000 20.3175
621000 19.7409
622000 18.0459
623000 17.9347
624000 17.9214
625000 19.6892
626000 19.0337
627000 18.063
628000 16.7312
629000 15.2802
630000 15.163
631000 16.8566
632000 15.786
633000 15.75
634000 18.6265
635000 18.0473
636000 17.0543
637000 17.6922
638000 16.7724
639000 19.2208
640000 20.722
641000 21.1712
642000 20.6648
643000 22.9771
644000 23.6559
645000 22.1677
646000 21.0917
647000 21.4532
648000 20.8807
649000 19.2259
650000 18.9457
651000 18.6117
652000 15.9395
653000 18.3752
654000 18.9452
655000 18.6113
656000 16.752
657000 18.3605
658000 18.4846
659000 18.6559
660000 18.8959
661000 18.3075
662000 18.5702
663000 14.7736
664000 16.6608
665000 16.5991
666000 16.8125
667000 15.9681
668000 11.823
669000 11.9258
670000 10.8398
671000 12.6766
672000 12.5172
673000 13.394
674000 14.2392
675000 12.1841
676000 10.9526
677000 11.9909
678000 10.3537
679000 11.6446
680000 13.3914
681000 12.1077
682000 13.6817
683000 16.1668
684000 15.193
685000 14.4626
686000 15.9823
687000 16.5799
688000 14.9444
689000 16.9845
690000 17.2793
691000 18.5957
692000 18.2823
693000 17.272
694000 19.7649
695000 18.7006
696000 19.8048
697000 18.875
698000 20.7639
699000 22.2492
700000 23.294
701000 18.9963
702000 19.3624
703000 19.8088
704000 17.6227
705000 20.7986
706000 20.7723
707000 20.3902
708000 18.4908
709000 19.1641
710000 18.7899
711000 18.4561
712000 19.619
713000 19.436
714000 15.9633
715000 15.4247
716000 16.1984
717000 18.2743
718000 20.4132
719000 17.4359
720000 13.023
721000 12.8725
722000 12.1924
723000 12.5271
724000 11.2955
725000 11.093
726000 13.9438
727000 10.7419
728000 10.8705
729000 12.9863
730000 13.6773
731000 13.8193
732000 13.1658
733000 13.7336
734000 13.0698
735000 14.1868
736000 13.5978
737000 14.0992
738000 13.5004
739000 13.6426
740000 14.6538
741000 12.5155
742000 10.2954
743000 11.6017
744000 10.4076
745000 11.6417
746000 12.9754
747000 12.8054
748000 11.4678
749000 12.4329
750000 12.5357
751000 10.7312
752000 11.0738
753000 11.8377
754000 10.784
755000 8.149
756000 8.56996
757000 7.07794
758000 8.06116
759000 7.90134
760000 9.30732
761000 7.8911
762000 7.33238
763000 8.20692
764000 7.27552
765000 8.05264
766000 7.36658
767000 8.31253
768000 8.13483
769000 7.92368
770000 6.37864
771000 7.30721
772000 7.01578
773000 7.33147
774000 7.47985
775000 8.09339
776000 5.75736
777000 4.06456
778000 3.33621
779000 4.34335
780000 4.20653
781000 2.97548
782000 5.06927
783000 4.20778
784000 4.06115
785000 5.59604
786000 6.13027
787000 7.52434
788000 8.70671
789000 9.86504
790000 9.50526
791000 10.0366
792000 10.5575
793000 10.8912
794000 8.94695
795000 9.8972
796000 10.7613
797000 9.03858
798000 9.11075
799000 10.9092
800000 9.39306
801000 9.32326
802000 9.10194
803000 11.0934
804000 12.0924
805000 11.8742
806000 11.9095
807000 12.2888
808000 13.657
809000 12.734
810000 11.6442
811000 12.6598
812000 12.8362
813000 12.8816
814000 13.8417
815000 14.6909
816000 16.5177
817000 17.2575
818000 16.2247
819000 15.8901
820000 16.4431
821000 16.9786
822000 16.9072
823000 17.036
824000 17.1602
825000 16.2465
826000 15.6128
827000 13.53
828000 15.049
829000 15.498
830000 13.7684
831000 11.7464
832000 12.9174
833000 14.0582
834000 12.9556
835000 12.7218
836000 12.9007
837000 11.9737
838000 11.6101
839000 12.27
840000 11.4268
841000 12.4788
842000 12.5907
843000 12.0052
844000 11.3299
845000 13.8834
846000 13.6983
847000 12.1084
848000 12.5362
849000 12.121
850000 12.9015
851000 12.5168
852000 11.8157
853000 11.7206
854000 12.1825
855000 12.3122
856000 10.849
857000 9.91428
858000 10.0276
859000 10.0977
860000 10.9463
861000 12.3304
862000 12.7113
863000 13.5669
864000 13.5761
865000 13.6796
866000 14.0791
867000 14.2517
868000 14.6287
869000 14.9243
870000 15.0769
871000 15.6134
872000 16.1279
873000 15.3988
874000 15.1316
875000 15.1971
876000 15.6161
877000 15.3271
878000 15.4105
879000 14.9113
880000 14.4837
881000 14.5423
882000 15.0812
883000 15.2306
884000 15.2443
885000 15.1973
886000 14.8697
887000 15.1102
888000 14.7642
889000 15.0979
890000 15.3429
891000 15.3823
892000 15.1127
893000 15.2852
894000 15.6315
895000 16.306
896000 15.5374
897000 15.2829
898000 15.5177
899000 15.3107
900000 15.271
901000 15.634
902000 15.3433
903000 15.6197
904000 15.6474
905000 15.7209
906000 15.8938
907000 15.725
908000 15.4806
909000 15.7051
910000 15.8445
911000 15.3196
912000 15.1941
913000 14.2724
914000 15.773
915000 15.883
916000 15.665
917000 16.0018
918000 15.7716
919000 16.3013
920000 16.2364
921000 15.8767
922000 16.2415
923000 15.9734
924000 15.6147
925000 15.919
926000 15.4438
927000 15.7966
928000 15.2411
929000 15.8514
930000 15.6448
931000 14.9036
932000 15.7361
933000 15.9877
934000 15.7138
935000 15.347
936000 15.247
937000 15.9763
938000 16.7029
939000 16.8121
940000 17.1216
941000 17.1534
942000 16.6365
943000 18.2037
944000 17.825
945000 17.8329
946000 18.1484
947000 18.7392
948000 17.7553
949000 18.4222
950000 17.9995
951000 17.9465
952000 17.673
953000 17.5498
954000 17.4097
955000 19.442
956000 17.7965
957000 18.0065
958000 18.2294
959000 18.1024
960000 18.5085
961000 18.4283
962000 18.0594
963000 18.0904
964000 17.9612
965000 17.6947
966000 17.6215
967000 17.5297
968000 16.6988
969000 16.7031
970000 17.1226
971000 16.971
972000 17.7989
973000 17.1916
974000 16.6511
975000 17.1834
976000 16.0293
977000 16.2405
978000 16.2353
979000 16.9495
980000 16.0188
981000 15.157
982000 14.4983
983000 14.5656
984000 15.7723
985000 17.6548
986000 18.127
987000 18.6953
988000 18.0667
989000 18.1048
990000 18.5066
991000 17.9844
992000 17.3964
993000 17.2126
994000 18.6316
995000 19.0792
996000 19.8572
997000 19.7001
998000 20.5971
999000 20.4617
1000000 20.8983
