# Time-averaged data for fix fxAvg
# TimeStep v_vTemp v_vPress v_vDens v_vPE v_vKE v_vEtot v_vVol
1000 297.412 245.604 0.988123 -8959.44 1438.83 -7520.6 24546.1
2000 301.997 -326.172 0.988123 -8898.32 1461.02 -7437.3 24546.1
3000 300.015 109.414 0.988123 -8958.93 1451.43 -7507.5 24546.1
4000 295.262 194.984 0.988123 -9002.76 1428.43 -7574.33 24546.1
5000 287.608 58.0733 0.988123 -9049.74 1391.4 -7658.34 24546.1
6000 295.286 -105.644 0.988123 -8989.6 1428.55 -7561.05 24546.1
7000 302.163 -252.085 0.988123 -8957.97 1461.82 -7496.14 24546.1
8000 294.974 -93.0819 0.988123 -8988.77 1427.04 -7561.73 24546.1
9000 303.803 373.66 0.988123 -8947.52 1469.75 -7477.76 24546.1
10000 303.307 208.512 0.988123 -8935.77 1467.35 -7468.41 24546.1
11000 298.419 351.772 0.988123 -8964.57 1443.71 -7520.86 24546.1
12000 303.884 95.5429 0.988123 -8900.58 1470.15 -7430.44 24546.1
13000 302.022 -58.3426 0.988123 -8921.06 1461.14 -7459.92 24546.1
14000 295.88 -75.882 0.988123 -8969.67 1431.43 -7538.25 24546.1
15000 294.816 41.7557 0.988123 -9008.31 1426.28 -7582.03 24546.1
16000 300.579 -328.059 0.988123 -9011.59 1454.16 -7557.43 24546.1
17000 294.102 -626.117 0.988123 -8895.75 1422.82 -7472.92 24546.1
18000 303.593 -735.142 0.988123 -8885.35 1468.74 -7416.61 24546.1
19000 299.789 -317.11 0.988123 -8916.64 1450.33 -7466.3 24546.1
20000 292.07 -296.635 0.988123 -8950.06 1412.99 -7537.07 24546.1
21000 297.135 69.3629 0.988123 -8932.09 1437.5 -7494.59 24546.1
22000 297.355 144.481 0.988123 -8939.99 1438.56 -7501.44 24546.1
23000 291.76 102.562 0.988123 -9023.15 1411.49 -7611.66 24546.1
24000 296.942 71.4408 0.988123 -8944.75 1436.56 -7508.18 24546.1
25000 299.444 -201.017 0.988123 -8920.18 1448.67 -7471.52 24546.1
26000 299.37 -361.129 0.988123 -8884.89 1448.31 -7436.58 24546.1
27000 300.185 -191.266 0.988123 -8889.3 1452.25 -7437.04 24546.1
28000 300.398 -105.734 0.988123 -8866.62 1453.28 -7413.34 24546.1
29000 300.12 123.61 0.988123 -8890.09 1451.93 -7438.16 24546.1
30000 299.285 -70.1326 0.988123 -8917.58 1447.9 -7469.68 24546.1
31000 294.471 129.002 0.988123 -8907.1 1424.61 -7482.5 24546.1
32000 298.046 26.7143 0.988123 -8889.7 1441.9 -7447.8 24546.1
33000 297.817 -336.309 0.988123 -8909.61 1440.8 -7468.81 24546.1
34000 297.672 -252.47 0.988123 -8959.63 1440.09 -7519.54 24546.1
35000 303.61 -15.8259 0.988123 -8904.18 1468.82 -7435.35 24546.1
36000 303.09 278.243 0.988123 -8923.89 1466.31 -7457.58 24546.1
37000 293.904 -422.421 0.988123 -8942.18 1421.86 -7520.32 24546.1
38000 304.528 211.987 0.988123 -8940.51 1473.26 -7467.24 24546.1
39000 297 316.822 0.988123 -8980.01 1436.84 -7543.17 24546.1
40000 299.902 65.7288 0.988123 -8924.32 1450.88 -7473.44 24546.1
41000 294.789 148.222 0.988123 -8902.68 1426.15 -7476.53 24546.1
42000 292.765 -263.926 0.988123 -8979.41 1416.36 -7563.05 24546.1
43000 299.367 278.761 0.988123 -8975.86 1448.29 -7527.56 24546.1
44000 296.527 -123.517 0.988123 -8961.56 1434.56 -7527 24546.1
45000 294.661 -153.63 0.988123 -8997.9 1425.53 -7572.38 24546.1
46000 300.931 48.4932 0.988123 -8970.44 1455.86 -7514.58 24546.1
47000 297.544 132.86 0.988123 -8967.09 1439.48 -7527.61 24546.1
48000 298.713 335.155 0.988123 -8982.3 1445.13 -7537.17 24546.1
49000 293.611 114.769 0.988123 -9007.27 1420.45 -7586.82 24546.1
50000 301.792 106.861 0.988123 -8977.18 1460.02 -7517.16 24546.1
51000 295.27 -418.881 0.988123 -8987.94 1428.48 -7559.46 24546.1
52000 299.936 -111.117 0.988123 -8956.62 1451.05 -7505.57 24546.1
53000 297.815 -82.4887 0.988123 -8986.31 1440.78 -7545.52 24546.1
54000 291.882 124.17 0.988123 -9049.04 1412.08 -7636.96 24546.1
55000 296.065 -395.305 0.988123 -8986.94 1432.32 -7554.62 24546.1
56000 297.604 -405.243 0.988123 -8941.11 1439.76 -7501.34 24546.1
57000 293.9 -112.758 0.988123 -8971.14 1421.85 -7549.29 24546.1
58000 293.762 -557.988 0.988123 -8969.7 1421.18 -7548.53 24546.1
59000 299.219 -204.771 0.988123 -8918.42 1447.58 -7470.84 24546.1
60000 304.185 -56.0471 0.988123 -8858.49 1471.6 -7386.89 24546.1
61000 296.678 252.735 0.988123 -8917.06 1435.29 -7481.77 24546.1
62000 301.699 139.967 0.988123 -8930.45 1459.58 -7470.87 24546.1
63000 293.625 137.598 0.988123 -8957.59 1420.51 -7537.08 24546.1
64000 299.053 214.241 0.988123 -8946.18 1446.78 -7499.4 24546.1
65000 296.253 -201.968 0.988123 -8910.99 1433.23 -7477.76 24546.1
66000 304.952 -71.4646 0.988123 -8875.64 1475.31 -7400.33 24546.1
67000 299.403 -149.152 0.988123 -8958 1448.47 -7509.53 24546.1
68000 297.446 337.916 0.988123 -8954.53 1439 -7515.53 24546.1
69000 303.328 -202.173 0.988123 -8920.66 1467.46 -7453.2 24546.1
70000 297.729 211.912 0.988123 -8954.3 1440.37 -7513.93 24546.1
71000 302.853 -115.044 0.988123 -8904.66 1465.16 -7439.51 24546.1
72000 294.757 -389.765 0.988123 -8951.48 1425.99 -7525.49 24546.1
73000 301.863 -309.373 0.988123 -8942.2 1460.37 -7481.83 24546.1
74000 294.813 -133.191 0.988123 -8913.62 1426.26 -7487.36 24546.1
75000 303.549 -8.07759 0.988123 -8901.07 1468.53 -7432.54 24546.1
76000 295.842 -44.3887 0.988123 -8953.35 1431.24 -7522.11 24546.1
77000 301.759 -159.243 0.988123 -8942.01 1459.87 -7482.14 24546.1
78000 298.983 -810.44 0.988123 -8908.73 1446.44 -7462.29 24546.1
79000 295.777 -452.139 0.988123 -8983.84 1430.92 -7552.92 24546.1
80000 300.356 -524.082 0.988123 -8915.19 1453.08 -7462.11 24546.1
81000 299.062 154.368 0.988123 -8939.84 1446.82 -7493.02 24546.1
82000 294.385 21.9863 0.988123 -8955.25 1424.19 -7531.06 24546.1
83000 300.968 17.572 0.988123 -8964.64 1456.04 -7508.61 24546.1
84000 298.904 304.777 0.988123 -8995.63 1446.05 -7549.58 24546.1
85000 298.124 -130.553 0.988123 -9000.07 1442.28 -7557.79 24546.1
86000 303.445 178.738 0.988123 -8944.48 1468.02 -7476.46 24546.1
87000 303.224 56.5887 0.988123 -8909.44 1466.95 -7442.48 24546.1
88000 295.504 213.092 0.988123 -8972.24 1429.61 -7542.63 24546.1
89000 299.867 59.4156 0.988123 -8940.36 1450.71 -7489.65 24546.1
90000 290.679 -164.48 0.988123 -8972.95 1406.26 -7566.69 24546.1
91000 298.735 -142.872 0.988123 -8966.24 1445.24 -7521.01 24546.1
92000 296.297 -125.041 0.988123 -8948.82 1433.44 -7515.38 24546.1
93000 302.97 -269.264 0.988123 -8916.52 1465.73 -7450.8 24546.1
94000 297.623 -201.034 0.988123 -8949.9 1439.86 -7510.05 24546.1
95000 297.105 -84.7643 0.988123 -8953.9 1437.35 -7516.55 24546.1
96000 300.244 -95.0042 0.988123 -8915.71 1452.54 -7463.17 24546.1
97000 296.888 -371.956 0.988123 -8948.48 1436.3 -7512.18 24546.1
98000 297.806 -214.64 0.988123 -8934.94 1440.74 -7494.2 24546.1
99000 297.317 -322.353 0.988123 -8950.3 1438.38 -7511.92 24546.1
100000 297.543 -262.839 0.988123 -8946.96 1439.47 -7507.49 24546.1
101000 300.712 -172.874 0.988123 -8958.71 1454.8 -7503.91 24546.1
102000 297.934 417.722 0.988123 -9005.33 1441.36 -7563.97 24546.1
103000 301.051 283.788 0.988123 -8952.92 1456.44 -7496.48 24546.1
104000 298.246 -8.56656 0.988123 -8917.14 1442.87 -7474.27 24546.1
105000 293.511 -193.235 0.988123 -8944.09 1419.96 -7524.13 24546.1
106000 299.348 -559.344 0.988123 -8870.63 1448.2 -7422.43 24546.1
107000 296.72 -675.985 0.988123 -8922.48 1435.49 -7486.99 24546.1
108000 292.19 -140.466 0.988123 -8991.72 1413.57 -7578.15 24546.1
109000 299.755 -40.4721 0.988123 -8960.4 1450.17 -7510.23 24546.1
110000 301.856 265.775 0.988123 -8948.5 1460.34 -7488.16 24546.1
111000 297.04 21.5994 0.988123 -8999.55 1437.04 -7562.51 24546.1
112000 303.681 513.224 0.988123 -8951.19 1469.17 -7482.02 24546.1
113000 303.229 451.289 0.988123 -8906.99 1466.98 -7440.02 24546.1
114000 293.848 -8.04907 0.988123 -8922 1421.59 -7500.4 24546.1
115000 302.146 90.7005 0.988123 -8892.51 1461.74 -7430.77 24546.1
116000 298.433 24.2258 0.988123 -8928.13 1443.78 -7484.36 24546.1
117000 294.745 -308.373 0.988123 -8923.7 1425.93 -7497.76 24546.1
118000 301.585 -88.9777 0.988123 -8888.2 1459.03 -7429.18 24546.1
119000 297.545 243.292 0.988123 -8948.49 1439.48 -7509.01 24546.1
120000 299.599 96.2021 0.988123 -8983.03 1449.42 -7533.61 24546.1
121000 302.346 116.242 0.988123 -8942.09 1462.71 -7479.38 24546.1
122000 297.549 133.059 0.988123 -8985.24 1439.5 -7545.74 24546.1
123000 298.014 1.38504 0.988123 -8939.81 1441.75 -7498.06 24546.1
124000 300.313 -250.713 0.988123 -8912.92 1452.87 -7460.05 24546.1
125000 294.818 -41.1918 0.988123 -8949.15 1426.29 -7522.87 24546.1
126000 295.325 -188.05 0.988123 -8968.91 1428.74 -7540.17 24546.1
127000 301.83 -284.712 0.988123 -8926.3 1460.21 -7466.1 24546.1
128000 295.74 -194.524 0.988123 -8946.09 1430.75 -7515.34 24546.1
129000 297.051 -23.0681 0.988123 -8958.88 1437.09 -7521.79 24546.1
130000 301.749 53.9715 0.988123 -8947.4 1459.82 -7487.59 24546.1
131000 293.831 139.085 0.988123 -8964.1 1421.51 -7542.59 24546.1
132000 302.894 114.026 0.988123 -8974.07 1465.36 -7508.72 24546.1
133000 291.762 80.73 0.988123 -9040.76 1411.5 -7629.25 24546.1
134000 293.432 -150.088 0.988123 -9008.58 1419.58 -7589 24546.1
135000 302.336 -54.5646 0.988123 -8989.36 1462.66 -7526.7 24546.1
136000 291.48 -464.405 0.988123 -9010.53 1410.14 -7600.39 24546.1
137000 297.07 -130.98 0.988123 -8957.45 1437.18 -7520.27 24546.1
138000 301.869 59.1611 0.988123 -8933.17 1460.4 -7472.77 24546.1
139000 295.049 -77.6159 0.988123 -8971.26 1427.4 -7543.86 24546.1
140000 300.815 -470.137 0.988123 -8926.74 1455.3 -7471.44 24546.1
141000 301.881 -308.176 0.988123 -8887.48 1460.46 -7427.02 24546.1
142000 295.291 -298.913 0.988123 -8948.79 1428.58 -7520.22 24546.1
143000 297.384 -147.359 0.988123 -8910.85 1438.7 -7472.15 24546.1
144000 297.523 -32.942 0.988123 -8905.54 1439.37 -7466.17 24546.1
145000 300.192 -586.278 0.988123 -8863.45 1452.28 -7411.17 24546.1
146000 299.304 -471.702 0.988123 -8886.11 1447.99 -7438.12 24546.1
147000 300.647 411.539 0.988123 -8959.86 1454.49 -7505.37 24546.1
148000 292.466 -506.972 0.988123 -8986.12 1414.91 -7571.21 24546.1
149000 295.727 -43.7588 0.988123 -8996.87 1430.68 -7566.18 24546.1
150000 297.143 -459.942 0.988123 -8914.47 1437.54 -7476.94 24546.1
151000 303.215 -199.221 0.988123 -8857.52 1466.91 -7390.61 24546.1
152000 299.571 272.172 0.988123 -8884.3 1449.28 -7435.02 24546.1
153000 299.946 -383.854 0.988123 -8907.46 1451.09 -7456.37 24546.1
154000 291.34 -186.085 0.988123 -8933.46 1409.46 -7524.01 24546.1
155000 301.301 -127.339 0.988123 -8911.41 1457.65 -7453.76 24546.1
156000 296.831 -237.443 0.988123 -8929.48 1436.02 -7493.45 24546.1
157000 288.518 -178.515 0.988123 -8993.63 1395.81 -7597.82 24546.1
158000 297.461 -138.025 0.988123 -8946.66 1439.07 -7507.59 24546.1
159000 301.835 -46.0456 0.988123 -8895.29 1460.24 -7435.05 24546.1
160000 301.398 -240.432 0.988123 -8886.03 1458.12 -7427.91 24546.1
161000 296.255 -269.139 0.988123 -8938.87 1433.24 -7505.64 24546.1
162000 302.911 60.6647 0.988123 -8886.11 1465.44 -7420.67 24546.1
163000 298.497 82.1915 0.988123 -8905.83 1444.08 -7461.74 24546.1
164000 298.128 -187.724 0.988123 -8905.39 1442.3 -7463.09 24546.1
165000 302.29 46.313 0.988123 -8890.48 1462.44 -7428.05 24546.1
166000 299.638 166.902 0.988123 -8950.79 1449.6 -7501.18 24546.1
167000 299.847 184.613 0.988123 -8921.28 1450.62 -7470.66 24546.1
168000 299.95 -137.837 0.988123 -8903.55 1451.12 -7452.44 24546.1
169000 296.368 191.563 0.988123 -8968.04 1433.79 -7534.26 24546.1
170000 294.408 -48.3329 0.988123 -9020.32 1424.3 -7596.02 24546.1
171000 296.847 475.597 0.988123 -8956.47 1436.1 -7520.37 24546.1
172000 295.896 -113.58 0.988123 -8891.99 1431.5 -7460.49 24546.1
173000 303.642 300.024 0.988123 -8888.62 1468.98 -7419.64 24546.1
174000 296.443 -401.3 0.988123 -8919.05 1434.15 -7484.9 24546.1
175000 302.355 305.37 0.988123 -8889.69 1462.75 -7426.94 24546.1
176000 293.882 -383.547 0.988123 -8920.9 1421.76 -7499.14 24546.1
177000 298.492 -383.887 0.988123 -8859.74 1444.06 -7415.68 24546.1
178000 300.208 74.5345 0.988123 -8875.45 1452.36 -7423.09 24546.1
179000 300.376 182.417 0.988123 -8923.53 1453.17 -7470.36 24546.1
180000 295.313 -157.752 0.988123 -8958.2 1428.68 -7529.52 24546.1
181000 296.313 -264.361 0.988123 -8903.98 1433.52 -7470.46 24546.1
182000 296.309 -485.98 0.988123 -8864.33 1433.5 -7430.83 24546.1
183000 298.728 -110.387 0.988123 -8874.41 1445.2 -7429.21 24546.1
184000 297.986 -119.777 0.988123 -8901.52 1441.61 -7459.9 24546.1
185000 293.917 214.553 0.988123 -8977.05 1421.93 -7555.12 24546.1
186000 295.352 12.2363 0.988123 -8966.17 1428.87 -7537.3 24546.1
187000 298.869 -2.09956 0.988123 -8932.26 1445.89 -7486.37 24546.1
188000 304.874 24.7214 0.988123 -8892.38 1474.94 -7417.44 24546.1
189000 297.635 -216.566 0.988123 -8930.8 1439.91 -7490.88 24546.1
190000 295.33 -259.431 0.988123 -8997.7 1428.77 -7568.93 24546.1
191000 296.087 -292.141 0.988123 -8966.19 1432.43 -7533.76 24546.1
192000 296.95 -362.906 0.988123 -8932.42 1436.6 -7495.82 24546.1
193000 304.59 -202.532 0.988123 -8901.81 1473.56 -7428.25 24546.1
194000 300.899 -659.632 0.988123 -8956.22 1455.7 -7500.52 24546.1
195000 293.497 -407.174 0.988123 -8994.59 1419.9 -7574.69 24546.1
196000 297.851 -108.063 0.988123 -8966.64 1440.96 -7525.67 24546.1
197000 297.495 69.9676 0.988123 -8970.53 1439.24 -7531.29 24546.1
198000 291.763 90.4703 0.988123 -8993.5 1411.51 -7582 24546.1
199000 295.533 131.822 0.988123 -8937.77 1429.74 -7508.02 24546.1
200000 298.776 26.0574 0.988123 -8927.11 1445.44 -7481.68 24546.1
201000 295.701 21.1045 0.988123 -8986.84 1430.56 -7556.28 24546.1
202000 298.45 18.8339 0.988123 -8983.36 1443.86 -7539.51 24546.1
203000 298.136 31.2548 0.988123 -8945.26 1442.34 -7502.92 24546.1
204000 293.02 -363.424 0.988123 -8977.48 1417.59 -7559.89 24546.1
205000 301.011 226.652 0.988123 -8946.55 1456.25 -7490.3 24546.1
206000 294.773 -514.975 0.988123 -8994.15 1426.07 -7568.08 24546.1
207000 301.668 -125.718 0.988123 -8949.62 1459.43 -7490.19 24546.1
208000 297.748 135.664 0.988123 -8982.88 1440.46 -7542.42 24546.1
209000 294.407 510.381 0.988123 -8977.47 1424.3 -7553.17 24546.1
210000 301.255 253.461 0.988123 -8944.24 1457.43 -7486.81 24546.1
211000 295.432 -100.637 0.988123 -8996.23 1429.26 -7566.98 24546.1
212000 292.53 -134.126 0.988123 -9015.42 1415.22 -7600.2 24546.1
213000 302.984 -100.238 0.988123 -8968.73 1465.79 -7502.94 24546.1
214000 298.472 2.26692 0.988123 -9004.87 1443.96 -7560.91 24546.1
215000 299.971 -139.006 0.988123 -8969.68 1451.21 -7518.47 24546.1
216000 295.039 -388.256 0.988123 -8931.63 1427.36 -7504.28 24546.1
217000 298.633 139.286 0.988123 -8938.5 1444.74 -7493.76 24546.1
218000 294.509 212.35 0.988123 -8919.72 1424.79 -7494.93 24546.1
219000 298.752 251.462 0.988123 -8931.61 1445.32 -7486.29 24546.1
220000 301.143 -87.999 0.988123 -8882.81 1456.88 -7425.93 24546.1
221000 295.738 -375.247 0.988123 -8942.43 1430.74 -7511.69 24546.1
222000 295.963 155.637 0.988123 -8971.02 1431.83 -7539.2 24546.1
223000 299.72 74.6684 0.988123 -8918.42 1450 -7468.41 24546.1
224000 299.04 -72.4463 0.988123 -8902.06 1446.71 -7455.35 24546.1
225000 294.188 -626.524 0.988123 -8956.93 1423.24 -7533.69 24546.1
226000 297.307 -70.8626 0.988123 -8894.89 1438.33 -7456.56 24546.1
227000 301.075 186.103 0.988123 -8908.16 1456.56 -7451.6 24546.1
228000 291.558 -195.064 0.988123 -8927.66 1410.52 -7517.14 24546.1
229000 301.121 -147.833 0.988123 -8909.52 1456.78 -7452.74 24546.1
230000 292.059 -8.68389 0.988123 -8959.36 1412.94 -7546.43 24546.1
231000 299.362 291.637 0.988123 -8931.19 1448.27 -7482.93 24546.1
232000 292.641 -153.59 0.988123 -8967.2 1415.75 -7551.44 24546.1
233000 296.955 254.808 0.988123 -8985.11 1436.63 -7548.48 24546.1
234000 300.738 -194.278 0.988123 -8964.84 1454.93 -7509.91 24546.1
235000 301.827 -238.61 0.988123 -8874.7 1460.19 -7414.51 24546.1
236000 298.648 -4.38172 0.988123 -8926.39 1444.81 -7481.57 24546.1
237000 295.539 92.5987 0.988123 -8951.17 1429.77 -7521.39 24546.1
238000 301.955 -343.242 0.988123 -8916.26 1460.81 -7455.45 24546.1
239000 291.863 -389.3 0.988123 -8951.44 1411.99 -7539.45 24546.1
240000 299.747 30.6589 0.988123 -8934.81 1450.13 -7484.67 24546.1
241000 298.916 145.197 0.988123 -8920.08 1446.11 -7473.97 24546.1
242000 296.744 -42.4834 0.988123 -8986.85 1435.6 -7551.25 24546.1
243000 297.114 -269.278 0.988123 -8976.82 1437.4 -7539.43 24546.1
244000 296.389 49.4026 0.988123 -8971.3 1433.89 -7537.42 24546.1
245000 299.722 -212.011 0.988123 -8930.59 1450.01 -7480.58 24546.1
246000 304.29 -275.519 0.988123 -8847.57 1472.11 -7375.46 24546.1
247000 298.243 -741.329 0.988123 -8912.96 1442.85 -7470.1 24546.1
248000 297.13 -269.709 0.988123 -8958.32 1437.47 -7520.85 24546.1
249000 298.015 47.2845 0.988123 -9015.43 1441.75 -7573.67 24546.1
250000 302.822 155.895 0.988123 -8974.03 1465.01 -7509.02 24546.1
251000 295.258 -88.6206 0.988123 -9001.62 1428.41 -7573.2 24546.1
252000 297.042 -273.588 0.988123 -8945.07 1437.05 -7508.03 24546.1
253000 296.14 -33.4979 0.988123 -8926.24 1432.68 -7493.56 24546.1
254000 298.674 -131.3 0.988123 -8944.81 1444.94 -7499.87 24546.1
255000 294.45 50.6402 0.988123 -8981.96 1424.51 -7557.45 24546.1
256000 299.312 -102.675 0.988123 -8907.76 1448.03 -7459.73 24546.1
257000 298.736 -169.671 0.988123 -8925.07 1445.24 -7479.83 24546.1
258000 299.319 -433.266 0.988123 -8953.04 1448.06 -7504.98 24546.1
259000 301.285 -318.662 0.988123 -8936.05 1457.57 -7478.47 24546.1
260000 297.182 -229.302 0.988123 -8997.16 1437.73 -7559.43 24546.1
261000 301.597 16.3023 0.988123 -8967.53 1459.08 -7508.45 24546.1
262000 300.647 135.764 0.988123 -8947.11 1454.48 -7492.62 24546.1
263000 295.014 -357.393 0.988123 -9007.21 1427.23 -7579.98 24546.1
264000 296.511 -161.549 0.988123 -8953.91 1434.48 -7519.43 24546.1
265000 300.351 89.3046 0.988123 -8955.64 1453.05 -7502.59 24546.1
266000 294.881 257.902 0.988123 -8981.25 1426.59 -7554.66 24546.1
267000 298.836 -293.346 0.988123 -8918.03 1445.73 -7472.31 24546.1
268000 296.888 374.981 0.988123 -8941.11 1436.3 -7504.81 24546.1
269000 293.201 122.762 0.988123 -8929.29 1418.46 -7510.83 24546.1
270000 297.94 -248.27 0.988123 -8863.77 1441.39 -7422.38 24546.1
271000 299.107 -293.692 0.988123 -8892.46 1447.04 -7445.42 24546.1
272000 297.855 -401.544 0.988123 -8923.84 1440.98 -7482.86 24546.1
273000 303.853 -235.879 0.988123 -8881.94 1470 -7411.94 24546.1
274000 298.14 -250.577 0.988123 -8927.83 1442.36 -7485.47 24546.1
275000 294.387 95.3425 0.988123 -8965.75 1424.2 -7541.54 24546.1
276000 292.649 -108.712 0.988123 -8949.94 1415.79 -7534.15 24546.1
277000 299.999 -94.7837 0.988123 -8922.32 1451.35 -7470.96 24546.1
278000 298.125 -198.567 0.988123 -9008.03 1442.28 -7565.75 24546.1
279000 298.072 205.113 0.988123 -8979.93 1442.03 -7537.9 24546.1
280000 297.462 511.504 0.988123 -8970.69 1439.08 -7531.61 24546.1
281000 298.797 307.164 0.988123 -8941.48 1445.53 -7495.94 24546.1
282000 300.759 184.065 0.988123 -8905.67 1455.03 -7450.64 24546.1
283000 292.727 87.8969 0.988123 -8942.55 1416.17 -7526.38 24546.1
284000 301.726 187.365 0.988123 -8913.81 1459.71 -7454.11 24546.1
285000 297.886 311.661 0.988123 -8898.65 1441.13 -7457.52 24546.1
286000 296.021 289.236 0.988123 -8971.42 1432.11 -7539.31 24546.1
287000 297.335 -173.737 0.988123 -8957.29 1438.47 -7518.82 24546.1
288000 299.849 126.358 0.988123 -8919.86 1450.63 -7469.23 24546.1
289000 289.6 -389.767 0.988123 -8997.11 1401.04 -7596.06 24546.1
290000 293.914 -116.01 0.988123 -8998.26 1421.91 -7576.34 24546.1
291000 298.964 -257.602 0.988123 -8932.14 1446.34 -7485.8 24546.1
292000 297.309 -637.421 0.988123 -8882.02 1438.34 -7443.68 24546.1
293000 293.771 -254.385 0.988123 -8953.56 1421.22 -7532.34 24546.1
294000 302.576 -83.5297 0.988123 -8955.8 1463.82 -7491.98 24546.1
295000 294.411 -44.2845 0.988123 -8963.75 1424.32 -7539.44 24546.1
296000 299.052 10.909 0.988123 -8937.31 1446.77 -7490.54 24546.1
297000 295.92 -475.235 0.988123 -8912.87 1431.62 -7481.25 24546.1
298000 301.436 -166.593 0.988123 -8864.09 1458.3 -7405.79 24546.1
299000 298.111 -7.22253 0.988123 -8919.68 1442.22 -7477.46 24546.1
300000 298.155 -237.327 0.988123 -8965.64 1442.43 -7523.21 24546.1
301000 294.969 -16.0181 0.988123 -8993.41 1427.02 -7566.39 24546.1
302000 299.482 144.827 0.988123 -8945.15 1448.85 -7496.3 24546.1
303000 289.661 -230.77 0.988123 -8992.39 1401.34 -7591.05 24546.1
304000 295.283 -414.103 0.988123 -9007.49 1428.54 -7578.95 24546.1
305000 299.787 -205.533 0.988123 -8997.47 1450.33 -7547.14 24546.1
306000 297.11 -42.2047 0.988123 -8998.67 1437.38 -7561.29 24546.1
307000 300.639 7.28755 0.988123 -8927.95 1454.45 -7473.51 24546.1
308000 293.163 -69.3335 0.988123 -8956.11 1418.28 -7537.83 24546.1
309000 303.587 332.919 0.988123 -8953.05 1468.71 -7484.34 24546.1
310000 295.74 -85.417 0.988123 -8970.28 1430.75 -7539.53 24546.1
311000 299.982 506.486 0.988123 -8978.85 1451.27 -7527.58 24546.1
312000 298.189 413.709 0.988123 -8962.13 1442.59 -7519.53 24546.1
313000 293.367 30.8065 0.988123 -8995.48 1419.27 -7576.22 24546.1
314000 302.287 4.49887 0.988123 -8956.41 1462.42 -7493.98 24546.1
315000 293.794 -4.12199 0.988123 -9004.49 1421.34 -7583.15 24546.1
316000 298.64 251.109 0.988123 -9001.23 1444.78 -7556.45 24546.1
317000 302.595 127.714 0.988123 -8926.03 1463.91 -7462.12 24546.1
318000 302.557 -3.74017 0.988123 -8921.33 1463.73 -7457.6 24546.1
319000 297.886 9.90009 0.988123 -8974.29 1441.13 -7533.16 24546.1
320000 298.627 25.8939 0.988123 -8924.52 1444.71 -7479.81 24546.1
321000 298.156 -158.557 0.988123 -8918.92 1442.44 -7476.48 24546.1
322000 295.002 -119.247 0.988123 -8946.75 1427.18 -7519.57 24546.1
323000 296.037 -206.46 0.988123 -9015.24 1432.19 -7583.05 24546.1
324000 298.766 -40.6672 0.988123 -8960.77 1445.39 -7515.39 24546.1
325000 297.624 296.043 0.988123 -8932.38 1439.86 -7492.52 24546.1
326000 292.994 -111.776 0.988123 -8965.6 1417.46 -7548.13 24546.1
327000 292.404 -227.256 0.988123 -8931.15 1414.61 -7516.54 24546.1
328000 301.141 213.6 0.988123 -8901.73 1456.88 -7444.85 24546.1
329000 295.733 -91.9724 0.988123 -8933.42 1430.71 -7502.7 24546.1
330000 300.169 64.4575 0.988123 -8956.38 1452.17 -7504.21 24546.1
331000 301.714 -359.565 0.988123 -8879.57 1459.65 -7419.91 24546.1
332000 293.665 -172.357 0.988123 -8916.78 1420.71 -7496.08 24546.1
333000 300.203 345.475 0.988123 -8899.29 1452.34 -7446.95 24546.1
334000 299.248 52.1067 0.988123 -8906.79 1447.72 -7459.07 24546.1
335000 303.774 -574.638 0.988123 -8869.18 1469.62 -7399.56 24546.1
336000 301.311 -216.752 0.988123 -8917.8 1457.7 -7460.1 24546.1
337000 297.327 -346.567 0.988123 -8979.85 1438.43 -7541.43 24546.1
338000 299.005 -346.239 0.988123 -8921.3 1446.54 -7474.75 24546.1
339000 295.97 -7.5608 0.988123 -8910.67 1431.86 -7478.8 24546.1
340000 298.3 -107.124 0.988123 -8987.53 1443.13 -7544.4 24546.1
341000 292.32 -91.5895 0.988123 -9008.53 1414.2 -7594.32 24546.1
342000 299.476 66.2757 0.988123 -8925.56 1448.82 -7476.74 24546.1
343000 295.473 -182.8 0.988123 -8963.96 1429.46 -7534.5 24546.1
344000 290.363 -544.003 0.988123 -8955.9 1404.73 -7551.17 24546.1
345000 297.785 -80.3194 0.988123 -8900.03 1440.64 -7459.39 24546.1
346000 296.426 -36.6803 0.988123 -8916.78 1434.07 -7482.71 24546.1
347000 296.533 -174.77 0.988123 -8958.48 1434.59 -7523.89 24546.1
348000 299.402 69.609 0.988123 -8931.27 1448.46 -7482.81 24546.1
349000 297.672 20.2126 0.988123 -8987.97 1440.09 -7547.88 24546.1
350000 296.592 231.59 0.988123 -8972.48 1434.87 -7537.61 24546.1
351000 298.886 300.636 0.988123 -8945.31 1445.97 -7499.35 24546.1
352000 297.634 320.886 0.988123 -8963.99 1439.91 -7524.09 24546.1
353000 302.585 268.102 0.988123 -8919.95 1463.86 -7456.09 24546.1
354000 296.022 -37.2724 0.988123 -8957.73 1432.11 -7525.62 24546.1
355000 303.288 240.227 0.988123 -8910.37 1467.26 -7443.1 24546.1
356000 300.206 -364.705 0.988123 -8934.3 1452.35 -7481.95 24546.1
357000 298.882 -127.39 0.988123 -8953.75 1445.95 -7507.8 24546.1
358000 302.292 -242.545 0.988123 -8881.26 1462.45 -7418.82 24546.1
359000 299.294 -8.42199 0.988123 -8902.98 1447.94 -7455.04 24546.1
360000 297.96 -171.162 0.988123 -8921.13 1441.49 -7479.65 24546.1
361000 301.026 49.6961 0.988123 -8899.01 1456.32 -7442.69 24546.1
362000 297.371 110.681 0.988123 -8954.95 1438.64 -7516.31 24546.1
363000 295.318 58.7249 0.988123 -8927.21 1428.71 -7498.51 24546.1
364000 300.342 268.513 0.988123 -8856.23 1453.01 -7403.22 24546.1
365000 296.137 -173.691 0.988123 -8890.7 1432.67 -7458.03 24546.1
366000 296.602 318.15 0.988123 -8969.38 1434.92 -7534.47 24546.1
367000 305.483 47.0071 0.988123 -8948.49 1477.88 -7470.6 24546.1
368000 299.162 -325.207 0.988123 -8896.4 1447.3 -7449.1 24546.1
369000 291.466 -165.652 0.988123 -8955.12 1410.07 -7545.05 24546.1
370000 292.47 -278.199 0.988123 -8966.32 1414.93 -7551.39 24546.1
371000 296.88 -395.939 0.988123 -8903.99 1436.26 -7467.73 24546.1
372000 303.484 -148.769 0.988123 -8928.13 1468.21 -7459.92 24546.1
373000 297.103 -0.433906 0.988123 -8966.9 1437.34 -7529.56 24546.1
374000 299.04 71.417 0.988123 -8958.38 1446.71 -7511.67 24546.1
375000 297.23 -139.931 0.988123 -8947.2 1437.96 -7509.24 24546.1
376000 295.24 -117.563 0.988123 -8975.67 1428.33 -7547.34 24546.1
377000 298.174 63.3348 0.988123 -8976.69 1442.52 -7534.16 24546.1
378000 300.21 169.936 0.988123 -8939.59 1452.37 -7487.22 24546.1
379000 294.235 2.20002 0.988123 -8985.76 1423.47 -7562.29 24546.1
380000 298.255 -244.239 0.988123 -8954.92 1442.91 -7512.01 24546.1
381000 303.782 72.1288 0.988123 -8939.67 1469.65 -7470.02 24546.1
382000 296.665 -72.3447 0.988123 -9001.93 1435.22 -7566.71 24546.1
383000 298.713 9.06082 0.988123 -8993.31 1445.13 -7548.18 24546.1
384000 304.423 360.669 0.988123 -8951.04 1472.75 -7478.28 24546.1
385000 298.252 128.601 0.988123 -9012.59 1442.9 -7569.69 24546.1
386000 297.853 57.9644 0.988123 -8984.86 1440.97 -7543.89 24546.1
387000 300.746 297.773 0.988123 -8978.84 1454.97 -7523.87 24546.1
388000 297.689 32.794 0.988123 -8980.82 1440.18 -7540.64 24546.1
389000 304.061 5.06221 0.988123 -8910.57 1471 -7439.57 24546.1
390000 306.667 -203.771 0.988123 -8930.58 1483.61 -7446.97 24546.1
391000 298.029 -71.0744 0.988123 -8983.27 1441.82 -7541.44 24546.1
392000 296.194 -82.7484 0.988123 -8947.53 1432.94 -7514.59 24546.1
393000 300.739 -101.394 0.988123 -8940.51 1454.93 -7485.58 24546.1
394000 295.119 -102.231 0.988123 -9010.52 1427.75 -7582.78 24546.1
395000 299.151 136.189 0.988123 -8959.99 1447.25 -7512.74 24546.1
396000 298.419 -212.924 0.988123 -8957.51 1443.71 -7513.8 24546.1
397000 295.2 -34.6285 0.988123 -9023.05 1428.14 -7594.92 24546.1
398000 300.129 -155.248 0.988123 -8988.93 1451.98 -7536.95 24546.1
399000 297.567 -34.9289 0.988123 -9013.23 1439.59 -7573.64 24546.1
400000 295.767 -336.272 0.988123 -8984.12 1430.88 -7553.24 24546.1
401000 298.728 -7.07255 0.988123 -8958.16 1445.2 -7512.96 24546.1
402000 303.663 259.981 0.988123 -8919.08 1469.08 -7450 24546.1
403000 296.58 142.444 0.988123 -8964.63 1434.81 -7529.82 24546.1
404000 299.575 394.356 0.988123 -8971.23 1449.3 -7521.93 24546.1
405000 297.874 -42.5407 0.988123 -8937.13 1441.07 -7496.06 24546.1
406000 292.147 135.977 0.988123 -8973.45 1413.37 -7560.08 24546.1
407000 298.932 70.7912 0.988123 -8947.81 1446.19 -7501.62 24546.1
408000 301.454 539.253 0.988123 -8952.05 1458.39 -7493.66 24546.1
409000 295.917 46.2071 0.988123 -9014.04 1431.61 -7582.43 24546.1
410000 300.75 138.063 0.988123 -8953.16 1454.98 -7498.18 24546.1
411000 297.784 -8.35074 0.988123 -8953.87 1440.63 -7513.24 24546.1
412000 297.459 149.536 0.988123 -9001.36 1439.06 -7562.3 24546.1
413000 301.404 -440.51 0.988123 -8930.47 1458.15 -7472.32 24546.1
414000 301.762 5.85589 0.988123 -8950.01 1459.88 -7490.13 24546.1
415000 296.698 -272.996 0.988123 -8981.73 1435.38 -7546.35 24546.1
416000 301.991 200.91 0.988123 -8942.92 1460.99 -7481.93 24546.1
417000 296.591 -615.038 0.988123 -8972.35 1434.86 -7537.49 24546.1
418000 296.519 230.646 0.988123 -8921.23 1434.52 -7486.72 24546.1
419000 298.073 -65.0118 0.988123 -8921.67 1442.04 -7479.63 24546.1
420000 295.396 157.164 0.988123 -8955.02 1429.08 -7525.93 24546.1
421000 301.346 242.587 0.988123 -8934.27 1457.87 -7476.4 24546.1
422000 294.97 -181.538 0.988123 -8974.52 1427.02 -7547.49 24546.1
423000 300.411 -219.043 0.988123 -8938.53 1453.35 -7485.19 24546.1
424000 305.23 73.6636 0.988123 -8875.81 1476.66 -7399.15 24546.1
425000 297.175 -240.239 0.988123 -8929.39 1437.69 -7491.7 24546.1
426000 301.337 -183.877 0.988123 -8906.53 1457.83 -7448.7 24546.1
427000 301.096 -66.9146 0.988123 -8959.4 1456.66 -7502.74 24546.1
428000 296.819 -189.548 0.988123 -8968.27 1435.97 -7532.3 24546.1
429000 301.854 90.6199 0.988123 -8929.73 1460.33 -7469.4 24546.1
430000 295.681 -182.85 0.988123 -8958.39 1430.46 -7527.92 24546.1
431000 294.837 -276.898 0.988123 -8974.02 1426.38 -7547.64 24546.1
432000 304.2 106.536 0.988123 -8944.24 1471.67 -7472.56 24546.1
433000 293.86 -304.299 0.988123 -8971.65 1421.65 -7550 24546.1
434000 298.818 -366.041 0.988123 -8947.29 1445.64 -7501.65 24546.1
435000 295.147 -294.738 0.988123 -8915.78 1427.88 -7487.9 24546.1
436000 300.462 -106.367 0.988123 -8884.83 1453.59 -7431.24 24546.1
437000 299.76 -144.21 0.988123 -8902.12 1450.19 -7451.93 24546.1
438000 296.732 -148.294 0.988123 -8955.61 1435.55 -7520.06 24546.1
439000 291.801 -263.69 0.988123 -9015.77 1411.69 -7604.07 24546.1
440000 301.002 -115.476 0.988123 -8998.07 1456.2 -7541.87 24546.1
441000 299.063 48.6277 0.988123 -8975.78 1446.82 -7528.96 24546.1
442000 302.188 176.069 0.988123 -8914.64 1461.94 -7452.69 24546.1
443000 300.891 147.827 0.988123 -8972.54 1455.67 -7516.88 24546.1
444000 292.579 184.6 0.988123 -8970.27 1415.46 -7554.81 24546.1
445000 301.022 -55.5576 0.988123 -8922.03 1456.3 -7465.73 24546.1
446000 298.654 167.159 0.988123 -8987.39 1444.85 -7542.54 24546.1
447000 299.811 558.815 0.988123 -8989.03 1450.44 -7538.58 24546.1
448000 294.409 93.3614 0.988123 -9027.26 1424.31 -7602.95 24546.1
449000 294.478 -322.348 0.988123 -8929.76 1424.64 -7505.12 24546.1
450000 297.654 -294.097 0.988123 -8926.69 1440 -7486.68 24546.1
451000 295.541 -123.214 0.988123 -8936.22 1429.79 -7506.44 24546.1
452000 299.703 -17.4273 0.988123 -8890.9 1449.92 -7440.98 24546.1
453000 295.191 -84.6775 0.988123 -8963.98 1428.09 -7535.88 24546.1
454000 296.695 -451.356 0.988123 -8967.72 1435.37 -7532.35 24546.1
455000 297.776 -21.9201 0.988123 -8931.95 1440.6 -7491.35 24546.1
456000 297.818 -521.719 0.988123 -8922.88 1440.8 -7482.08 24546.1
457000 305.622 -325.316 0.988123 -8864.48 1478.55 -7385.93 24546.1
458000 299.783 -142.178 0.988123 -8887.03 1450.31 -7436.72 24546.1
459000 301.281 -266.776 0.988123 -8882.77 1457.55 -7425.21 24546.1
460000 300.336 10.4914 0.988123 -8845.98 1452.98 -7393 24546.1
461000 297.507 -316.391 0.988123 -8895.14 1439.29 -7455.84 24546.1
462000 301.588 -112.794 0.988123 -8907.95 1459.04 -7448.92 24546.1
463000 295.784 -547.551 0.988123 -8929.2 1430.96 -7498.23 24546.1
464000 296.642 -185.55 0.988123 -8912.66 1435.11 -7477.55 24546.1
465000 297.074 -375.125 0.988123 -8921.52 1437.2 -7484.32 24546.1
466000 299.427 -134.089 0.988123 -8913.47 1448.58 -7464.89 24546.1
467000 300.268 -85.5146 0.988123 -8902.5 1452.65 -7449.84 24546.1
468000 295.455 -234.546 0.988123 -8943.9 1429.37 -7514.54 24546.1
469000 306.737 144.922 0.988123 -8950.58 1483.95 -7466.63 24546.1
470000 295.796 37.1025 0.988123 -8993.78 1431.02 -7562.77 24546.1
471000 300.811 186.482 0.988123 -8972.61 1455.28 -7517.33 24546.1
472000 303.889 115.33 0.988123 -8973.31 1470.17 -7503.14 24546.1
473000 295.283 -43.2781 0.988123 -8998.54 1428.54 -7570 24546.1
474000 305.996 353.511 0.988123 -8965.15 1480.36 -7484.79 24546.1
475000 295.389 -157.463 0.988123 -8972.57 1429.05 -7543.52 24546.1
476000 301.449 -176.908 0.988123 -8966.27 1458.37 -7507.9 24546.1
477000 296.58 73.0857 0.988123 -8949.37 1434.81 -7514.56 24546.1
478000 293.539 -75.7755 0.988123 -8992.16 1420.1 -7572.06 24546.1
479000 299.806 -61.8697 0.988123 -8941.71 1450.42 -7491.29 24546.1
480000 295.805 -515.758 0.988123 -8957.51 1431.06 -7526.45 24546.1
481000 291.475 -157.029 0.988123 -8982.13 1410.12 -7572.02 24546.1
482000 300.088 -56.9306 0.988123 -8927.15 1451.78 -7475.37 24546.1
483000 297.567 -206.108 0.988123 -8950 1439.59 -7510.41 24546.1
484000 296.446 -225.49 0.988123 -9001.01 1434.16 -7566.85 24546.1
485000 302.961 -545.267 0.988123 -8935.05 1465.68 -7469.37 24546.1
486000 300.097 183.768 0.988123 -8970.04 1451.83 -7518.22 24546.1
487000 296.326 62.7877 0.988123 -8978.09 1433.58 -7544.51 24546.1
488000 301.067 276.892 0.988123 -8944.43 1456.52 -7487.91 24546.1
489000 298.344 134.901 0.988123 -8928.42 1443.35 -7485.08 24546.1
490000 294.105 -64.4978 0.988123 -9005.56 1422.84 -7582.72 24546.1
491000 300.152 404.489 0.988123 -8960.13 1452.09 -7508.04 24546.1
492000 297.742 305.572 0.988123 -8975.68 1440.43 -7535.25 24546.1
493000 294.524 328.165 0.988123 -9015.41 1424.86 -7590.55 24546.1
494000 302.443 4.00764 0.988123 -8962.59 1463.18 -7499.42 24546.1
495000 291.534 179.088 0.988123 -8975.9 1410.4 -7565.5 24546.1
496000 297.751 -83.2034 0.988123 -8982.27 1440.48 -7541.79 24546.1
497000 297.914 159.63 0.988123 -8931.24 1441.26 -7489.98 24546.1
498000 298.1 -330.099 0.988123 -8937.91 1442.16 -7495.75 24546.1
499000 294.883 -459.11 0.988123 -8922.97 1426.6 -7496.37 24546.1
500000 300.025 -458.052 0.988123 -8910.31 1451.48 -7458.83 24546.1
501000 290.863 -750.556 0.988123 -8975.48 1407.16 -7568.32 24546.1
502000 295.026 22.0838 0.988123 -8967.86 1427.29 -7540.57 24546.1
503000 297.966 -96.0528 0.988123 -8977.36 1441.52 -7535.85 24546.1
504000 300.09 160.54 0.988123 -8951.06 1451.79 -7499.27 24546.1
505000 298.076 316.523 0.988123 -8936.5 1442.05 -7494.45 24546.1
506000 297.721 369.434 0.988123 -8921.16 1440.33 -7480.83 24546.1
507000 301.725 -81.2801 0.988123 -8905.31 1459.7 -7445.6 24546.1
508000 296.594 165.145 0.988123 -8994.54 1434.88 -7559.66 24546.1
509000 294.094 0.645379 0.988123 -9018.48 1422.79 -7595.7 24546.1
510000 300.959 288.01 0.988123 -8952.64 1456 -7496.65 24546.1
511000 293.648 72.2218 0.988123 -8959.94 1420.63 -7539.31 24546.1
512000 301.293 41.8392 0.988123 -8968.33 1457.61 -7510.72 24546.1
513000 302.537 -84.7992 0.988123 -8944.19 1463.63 -7480.56 24546.1
514000 298.181 60.0978 0.988123 -8973.69 1442.56 -7531.14 24546.1
515000 298.217 360.048 0.988123 -8973.36 1442.73 -7530.63 24546.1
516000 297.038 -601.91 0.988123 -8976.93 1437.03 -7539.91 24546.1
517000 300.174 129.574 0.988123 -8925.24 1452.2 -7473.04 24546.1
518000 293.376 225.193 0.988123 -8984.15 1419.31 -7564.84 24546.1
519000 300.603 -15.7858 0.988123 -8977.03 1454.27 -7522.76 24546.1
520000 300.035 167.518 0.988123 -8933.48 1451.53 -7481.96 24546.1
521000 294.869 -47.2495 0.988123 -8974.84 1426.53 -7548.31 24546.1
522000 300.672 -267.472 0.988123 -8927.35 1454.61 -7472.74 24546.1
523000 297.267 31.656 0.988123 -8917 1438.13 -7478.87 24546.1
524000 297.878 -215.333 0.988123 -8915.76 1441.09 -7474.67 24546.1
525000 293.738 -270.22 0.988123 -8956.78 1421.06 -7535.72 24546.1
526000 300.126 -121.102 0.988123 -8912.49 1451.96 -7460.53 24546.1
527000 293.652 -326.423 0.988123 -8908.93 1420.64 -7488.28 24546.1
528000 296.727 284.711 0.988123 -8938.9 1435.52 -7503.38 24546.1
529000 302.312 -29.3126 0.988123 -8872.95 1462.54 -7410.41 24546.1
530000 297.09 -468.251 0.988123 -8941.05 1437.28 -7503.78 24546.1
531000 297.545 158.796 0.988123 -8969.79 1439.48 -7530.32 24546.1
532000 296.662 -298.713 0.988123 -8995.1 1435.21 -7559.9 24546.1
533000 300.175 -104.28 0.988123 -8974.42 1452.2 -7522.21 24546.1
534000 298.793 -310.866 0.988123 -8967.72 1445.52 -7522.2 24546.1
535000 297.354 -306.176 0.988123 -8941.72 1438.56 -7503.16 24546.1
536000 301.4 -212.047 0.988123 -8880.64 1458.13 -7422.51 24546.1
537000 299.428 -106.98 0.988123 -8873.56 1448.59 -7424.97 24546.1
538000 297.111 355.73 0.988123 -8945.43 1437.38 -7508.05 24546.1
539000 294.622 -304.83 0.988123 -9038.58 1425.34 -7613.24 24546.1
540000 297.276 -99.0434 0.988123 -8986.93 1438.18 -7548.75 24546.1
541000 303.479 424.865 0.988123 -8926.77 1468.19 -7458.58 24546.1
542000 301.847 95.623 0.988123 -8964.71 1460.29 -7504.42 24546.1
543000 294.549 -57.4536 0.988123 -8963.97 1424.98 -7538.99 24546.1
544000 301.393 -66.3209 0.988123 -8915.84 1458.09 -7457.75 24546.1
545000 293.959 -149.731 0.988123 -8931.99 1422.13 -7509.86 24546.1
546000 302.792 -0.413006 0.988123 -8888.03 1464.86 -7423.17 24546.1
547000 292.702 -515.762 0.988123 -8910.18 1416.05 -7494.13 24546.1
548000 300.331 18.6811 0.988123 -8941.95 1452.96 -7489 24546.1
549000 301.176 -168.85 0.988123 -8954.85 1457.05 -7497.8 24546.1
550000 295.934 -125.719 0.988123 -9021.65 1431.69 -7589.96 24546.1
551000 293.89 61.0562 0.988123 -8999.34 1421.8 -7577.54 24546.1
552000 300.431 -254.65 0.988123 -8962.02 1453.44 -7508.58 24546.1
553000 299.325 23.5255 0.988123 -8960.96 1448.09 -7512.87 24546.1
554000 296.749 -450.66 0.988123 -8977.19 1435.63 -7541.56 24546.1
555000 301.318 -156.481 0.988123 -8916.77 1457.73 -7459.04 24546.1
556000 297.846 -395.364 0.988123 -8908.48 1440.94 -7467.54 24546.1
557000 294.078 -559.473 0.988123 -8959.24 1422.71 -7536.53 24546.1
558000 303.541 -111.171 0.988123 -8917.9 1468.49 -7449.42 24546.1
559000 298.482 -28.2718 0.988123 -8938.14 1444.01 -7494.13 24546.1
560000 289.187 -483.555 0.988123 -8983.72 1399.05 -7584.67 24546.1
561000 295.658 49.1568 0.988123 -8940.78 1430.35 -7510.43 24546.1
562000 296.583 -98.1606 0.988123 -8903.83 1434.83 -7469 24546.1
563000 301.118 79.8967 0.988123 -8880.75 1456.76 -7423.99 24546.1
564000 294.109 -167.222 0.988123 -8925.79 1422.86 -7502.94 24546.1
565000 297.821 -73.5711 0.988123 -8912.11 1440.81 -7471.29 24546.1
566000 297.783 -59.1258 0.988123 -8943.07 1440.63 -7502.44 24546.1
567000 292.379 -8.3054 0.988123 -9032.28 1414.49 -7617.79 24546.1
568000 298.054 7.56162 0.988123 -9023.85 1441.94 -7581.9 24546.1
569000 296.71 -112.445 0.988123 -9000.06 1435.44 -7564.62 24546.1
570000 303.884 4.6109 0.988123 -8960.21 1470.15 -7490.06 24546.1
571000 297.115 -46.0728 0.988123 -8991.17 1437.4 -7553.77 24546.1
572000 297.482 57.459 0.988123 -8965.44 1439.17 -7526.27 24546.1
573000 304.881 704.722 0.988123 -8926.33 1474.97 -7451.36 24546.1
574000 298.995 -32.5873 0.988123 -8978.39 1446.5 -7531.89 24546.1
575000 299.986 46.1812 0.988123 -8961.98 1451.29 -7510.69 24546.1
576000 301.508 144.455 0.988123 -8926.04 1458.65 -7467.39 24546.1
577000 289.964 -73.3229 0.988123 -8992.85 1402.81 -7590.05 24546.1
578000 293.554 217.422 0.988123 -9015.06 1420.17 -7594.89 24546.1
579000 299.508 -280.017 0.988123 -8962.33 1448.98 -7513.35 24546.1
580000 301.497 -648.191 0.988123 -8886.03 1458.6 -7427.43 24546.1
581000 298.63 -339.522 0.988123 -8917.15 1444.73 -7472.42 24546.1
582000 293.998 -63.449 0.988123 -8924.83 1422.32 -7502.51 24546.1
583000 302.866 -3.18068 0.988123 -8914.06 1465.22 -7448.84 24546.1
584000 297.979 -500.891 0.988123 -8966.8 1441.58 -7525.22 24546.1
585000 299.183 -60.5921 0.988123 -8958.73 1447.4 -7511.32 24546.1
586000 295.798 -266.818 0.988123 -8977.36 1431.03 -7546.34 24546.1
587000 297.174 -500.057 0.988123 -8942.4 1437.69 -7504.71 24546.1
588000 300.317 -219.732 0.988123 -8913.77 1452.89 -7460.87 24546.1
589000 297.239 -362.243 0.988123 -8932.52 1438 -7494.52 24546.1
590000 299.052 -6.43274 0.988123 -8990.58 1446.77 -7543.81 24546.1
591000 304.835 -196.87 0.988123 -8932.17 1474.75 -7457.42 24546.1
592000 295.092 -465.703 0.988123 -8960 1427.61 -7532.39 24546.1
593000 292.665 -552.93 0.988123 -9021.48 1415.87 -7605.61 24546.1
594000 300.216 -225.64 0.988123 -8995.88 1452.4 -7543.48 24546.1
595000 298.391 -296.667 0.988123 -8958.21 1443.57 -7514.64 24546.1
596000 297.914 -494.424 0.988123 -8911.83 1441.26 -7470.57 24546.1
597000 295.117 -342.59 0.988123 -8994.43 1427.73 -7566.7 24546.1
598000 289.999 -82.4886 0.988123 -8991.78 1402.97 -7588.81 24546.1
599000 301.854 261.982 0.988123 -8977.54 1460.33 -7517.21 24546.1
600000 292.14 459.648 0.988123 -8987.07 1413.33 -7573.74 24546.1
601000 297.117 -268.082 0.988123 -8953.99 1437.41 -7516.58 24546.1
602000 299.545 -326.167 0.988123 -8888.6 1449.16 -7439.45 24546.1
603000 296.282 -235.284 0.988123 -8912.81 1433.37 -7479.44 24546.1
604000 297.818 -109.952 0.988123 -8956.15 1440.8 -7515.35 24546.1
605000 300.288 113.882 0.988123 -8883.52 1452.75 -7430.77 24546.1
606000 304.148 234.438 0.988123 -8955.24 1471.42 -7483.82 24546.1
607000 295.027 27.0294 0.988123 -8999.21 1427.3 -7571.91 24546.1
608000 298.528 8.35146 0.988123 -8939.72 1444.24 -7495.49 24546.1
609000 297.47 -45.3013 0.988123 -8922.57 1439.12 -7483.45 24546.1
610000 292.613 10.1201 0.988123 -8983.43 1415.62 -7567.81 24546.1
611000 298.393 -161.273 0.988123 -8961.7 1443.58 -7518.12 24546.1
612000 297.481 58.8746 0.988123 -8943.07 1439.17 -7503.9 24546.1
613000 300.092 99.3709 0.988123 -8905.11 1451.8 -7453.3 24546.1
614000 296.933 -306.87 0.988123 -8900.14 1436.52 -7463.62 24546.1
615000 297.098 -2.93602 0.988123 -8931.19 1437.32 -7493.87 24546.1
616000 302.911 -88.5857 0.988123 -8865.54 1465.44 -7400.1 24546.1
617000 299.315 -376.412 0.988123 -8929.4 1448.04 -7481.35 24546.1
618000 293.981 -148.534 0.988123 -8969.02 1422.24 -7546.78 24546.1
619000 302.422 89.0747 0.988123 -8931.15 1463.07 -7468.08 24546.1
620000 296.427 250.67 0.988123 -8960.56 1434.07 -7526.49 24546.1
621000 293.232 -42.0274 0.988123 -8973.01 1418.62 -7554.39 24546.1
622000 298.786 86.4273 0.988123 -9000.63 1445.49 -7555.15 24546.1
623000 293.136 -263.226 0.988123 -9046.33 1418.15 -7628.19 24546.1
624000 299.049 -95.3666 0.988123 -8980.43 1446.76 -7533.68 24546.1
625000 299.789 -109.077 0.988123 -8944.89 1450.34 -7494.55 24546.1
626000 292.092 -410.376 0.988123 -8976.27 1413.1 -7563.17 24546.1
627000 298.443 -46.074 0.988123 -8942.37 1443.82 -7498.54 24546.1
628000 299.997 -144.986 0.988123 -8952.32 1451.34 -7500.98 24546.1
629000 295.457 -200.396 0.988123 -8985.54 1429.38 -7556.16 24546.1
630000 301.611 -501.111 0.988123 -8913.2 1459.15 -7454.05 24546.1
631000 300.805 -264.655 0.988123 -8937.64 1455.25 -7482.38 24546.1
632000 296.468 -391.795 0.988123 -8992.8 1434.27 -7558.53 24546.1
633000 301.954 -56.1441 0.988123 -8946.65 1460.81 -7485.84 24546.1
634000 297.324 -290.749 0.988123 -8947.46 1438.41 -7509.05 24546.1
635000 297.206 -244.917 0.988123 -8988.41 1437.84 -7550.57 24546.1
636000 297.421 -182.884 0.988123 -8908.49 1438.88 -7469.61 24546.1
637000 295.856 -429.349 0.988123 -8908.12 1431.31 -7476.81 24546.1
638000 295.612 -253.593 0.988123 -8955.07 1430.13 -7524.94 24546.1
639000 303.712 -153.982 0.988123 -8930.13 1469.32 -7460.82 24546.1
640000 296.367 -148.173 0.988123 -8976.64 1433.78 -7542.85 24546.1
641000 300.905 -251.402 0.988123 -8952.19 1455.73 -7496.46 24546.1
642000 302.655 252.082 0.988123 -8923.78 1464.2 -7459.58 24546.1
643000 294.095 54.1739 0.988123 -8940.01 1422.79 -7517.22 24546.1
644000 303.445 160.46 0.988123 -8925.78 1468.02 -7457.75 24546.1
645000 297.765 108.731 0.988123 -8930.65 1440.54 -7490.1 24546.1
646000 290.936 -172.374 0.988123 -8960.4 1407.51 -7552.9 24546.1
647000 300.713 15.4506 0.988123 -8955.32 1454.81 -7500.51 24546.1
648000 301.33 -271.83 0.988123 -8953.52 1457.79 -7495.73 24546.1
649000 296.546 -20.5642 0.988123 -8955.08 1434.65 -7520.44 24546.1
650000 297.34 -18.6408 0.988123 -8941.9 1438.49 -7503.41 24546.1
651000 305.954 -227.528 0.988123 -8873.45 1480.16 -7393.28 24546.1
652000 299.136 29.9266 0.988123 -8911.47 1447.18 -7464.29 24546.1
653000 296.1 -20.5354 0.988123 -8937.11 1432.49 -7504.62 24546.1
654000 297.814 -17.1919 0.988123 -8966.64 1440.78 -7525.85 24546.1
655000 299.055 -161.461 0.988123 -8891.29 1446.79 -7444.5 24546.1
656000 296.447 -66.3561 0.988123 -8888.04 1434.17 -7453.87 24546.1
657000 297.559 -31.3263 0.988123 -8984.19 1439.55 -7544.65 24546.1
658000 296.293 -231.084 0.988123 -9004.13 1433.42 -7570.71 24546.1
659000 298.537 -183.888 0.988123 -8944.68 1444.28 -7500.4 24546.1
660000 295.789 -342.531 0.988123 -8923.26 1430.99 -7492.27 24546.1
661000 302.554 -215.722 0.988123 -8901.96 1463.71 -7438.25 24546.1
662000 294.83 -197.219 0.988123 -8930.14 1426.34 -7503.79 24546.1
663000 301.998 -121.145 0.988123 -8905.43 1461.02 -7444.41 24546.1
664000 301.941 -137.098 0.988123 -8922.81 1460.74 -7462.06 24546.1
665000 297.589 -120.433 0.988123 -9000.97 1439.69 -7561.28 24546.1
666000 291.84 -132.74 0.988123 -8997.55 1411.88 -7585.67 24546.1
667000 300.255 -145.259 0.988123 -8958.39 1452.59 -7505.8 24546.1
668000 300.951 -198.917 0.988123 -8964.41 1455.96 -7508.46 24546.1
669000 296 143.628 0.988123 -8983.23 1432.01 -7551.22 24546.1
670000 300.846 95.3977 0.988123 -8937.44 1455.45 -7481.99 24546.1
671000 300.211 -284.218 0.988123 -8953.98 1452.38 -7501.6 24546.1
672000 294.529 -188.73 0.988123 -8963.59 1424.89 -7538.7 24546.1
673000 304.159 -194.971 0.988123 -8927.98 1471.48 -7456.5 24546.1
674000 297.799 -293.15 0.988123 -8955.15 1440.71 -7514.44 24546.1
675000 297.868 65.5843 0.988123 -8986.31 1441.04 -7545.27 24546.1
676000 295.352 -235.748 0.988123 -9050.81 1428.87 -7621.94 24546.1
677000 295.472 -147.038 0.988123 -9014.28 1429.45 -7584.82 24546.1
678000 300.342 -188.309 0.988123 -8961.21 1453.01 -7508.19 24546.1
679000 292.221 112.333 0.988123 -9000.72 1413.72 -7587 24546.1
680000 296.825 12.3393 0.988123 -8959.05 1435.99 -7523.05 24546.1
681000 300.466 -296.825 0.988123 -8906.66 1453.61 -7453.05 24546.1
682000 294.685 -197.235 0.988123 -8964.99 1425.64 -7539.34 24546.1
683000 301.049 15.8272 0.988123 -8917.8 1456.43 -7461.36 24546.1
684000 296.461 151.197 0.988123 -8941.13 1434.23 -7506.89 24546.1
685000 296.243 -105.93 0.988123 -8953.95 1433.18 -7520.77 24546.1
686000 301.108 84.693 0.988123 -8888.35 1456.72 -7431.64 24546.1
687000 292.178 -151.297 0.988123 -8927.39 1413.52 -7513.87 24546.1
688000 296.036 -135.859 0.988123 -8926.61 1432.18 -7494.43 24546.1
689000 301.902 -226.873 0.988123 -8932.14 1460.56 -7471.58 24546.1
690000 291.446 -339.629 0.988123 -8939.67 1409.97 -7529.7 24546.1
691000 299.402 -479.667 0.988123 -8884.88 1448.47 -7436.42 24546.1
692000 294.71 -305.461 0.988123 -8930.48 1425.76 -7504.72 24546.1
693000 299.299 -387.708 0.988123 -8922.23 1447.97 -7474.26 24546.1
694000 298.389 -0.256885 0.988123 -8890.05 1443.56 -7446.49 24546.1
695000 297.192 148.065 0.988123 -8913.4 1437.77 -7475.63 24546.1
696000 294.107 75.4512 0.988123 -8947.88 1422.85 -7525.04 24546.1
697000 302.081 66.6435 0.988123 -8902.52 1461.42 -7441.09 24546.1
698000 302.339 -52.4255 0.988123 -8924.51 1462.67 -7461.84 24546.1
699000 298.017 -195.561 0.988123 -8911.5 1441.76 -7469.74 24546.1
700000 298.526 -435.472 0.988123 -8873.78 1444.23 -7429.56 24546.1
701000 299.951 -470.504 0.988123 -8883.73 1451.12 -7432.61 24546.1
702000 295.255 -446.669 0.988123 -8922.41 1428.4 -7494.01 24546.1
703000 304.905 169.236 0.988123 -8892.32 1475.09 -7417.23 24546.1
704000 300.763 -133.939 0.988123 -8954.36 1455.05 -7499.31 24546.1
705000 295.863 -362.363 0.988123 -8971.27 1431.34 -7539.93 24546.1
706000 297.889 -234.129 0.988123 -8977.77 1441.14 -7536.63 24546.1
707000 299.929 7.73394 0.988123 -8905 1451.01 -7453.99 24546.1
708000 297.903 -331.861 0.988123 -8953.26 1441.21 -7512.05 24546.1
709000 299.241 -115.852 0.988123 -8992.94 1447.68 -7545.25 24546.1
710000 291.56 -514.82 0.988123 -8991.9 1410.52 -7581.37 24546.1
711000 296.659 -418.242 0.988123 -8927.25 1435.19 -7492.06 24546.1
712000 302.2 -129.736 0.988123 -8924.17 1462 -7462.17 24546.1
713000 296.658 -291.223 0.988123 -8961.7 1435.19 -7526.51 24546.1
714000 302.233 176.428 0.988123 -8920.89 1462.16 -7458.73 24546.1
715000 296.819 -91.5628 0.988123 -8918.64 1435.96 -7482.68 24546.1
716000 297.294 -488.948 0.988123 -8908.65 1438.26 -7470.39 24546.1
717000 301.59 -55.2976 0.988123 -8902.68 1459.05 -7443.63 24546.1
718000 298.951 -267.331 0.988123 -8950.11 1446.28 -7503.83 24546.1
719000 303.964 -115.216 0.988123 -8928.48 1470.53 -7457.95 24546.1
720000 298.979 -588.536 0.988123 -8990.62 1446.42 -7544.21 24546.1
721000 299.172 50.2237 0.988123 -8988.51 1447.35 -7541.16 24546.1
722000 302.287 -155.392 0.988123 -8955.33 1462.42 -7492.91 24546.1
723000 298.844 93.7252 0.988123 -8977.84 1445.76 -7532.08 24546.1
724000 293.714 -140.605 0.988123 -9010.87 1420.94 -7589.92 24546.1
725000 294.449 -313.683 0.988123 -8969.44 1424.5 -7544.94 24546.1
726000 298.503 -189.113 0.988123 -8944.67 1444.11 -7500.55 24546.1
727000 294.266 -182.262 0.988123 -9001.58 1423.62 -7577.97 24546.1
728000 298.659 -87.786 0.988123 -8957.01 1444.87 -7512.14 24546.1
729000 296.562 -390.737 0.988123 -8938.49 1434.72 -7503.77 24546.1
730000 290.783 -107.736 0.988123 -8988.05 1406.76 -7581.28 24546.1
731000 302.943 -126.672 0.988123 -8956.01 1465.59 -7490.42 24546.1
732000 293.482 -28.5008 0.988123 -8977.75 1419.82 -7557.93 24546.1
733000 294.245 -226.231 0.988123 -8981.38 1423.51 -7557.87 24546.1
734000 298.255 -308.345 0.988123 -8910.77 1442.91 -7467.86 24546.1
735000 301.413 -45.1116 0.988123 -8878.73 1458.19 -7420.53 24546.1
736000 301.128 229.951 0.988123 -8963.05 1456.81 -7506.24 24546.1
737000 294.187 205.347 0.988123 -8987.45 1423.23 -7564.22 24546.1
738000 302.417 -318.4 0.988123 -8938.23 1463.05 -7475.18 24546.1
739000 298.469 207.567 0.988123 -8982.83 1443.95 -7538.88 24546.1
740000 297.934 -525.242 0.988123 -8961.65 1441.36 -7520.29 24546.1
741000 299.517 -177.479 0.988123 -8920.74 1449.02 -7471.72 24546.1
742000 297.653 -473.255 0.988123 -8922.32 1440 -7482.32 24546.1
743000 303.419 -150.83 0.988123 -8905.41 1467.9 -7437.51 24546.1
744000 296.061 173.903 0.988123 -8957.68 1432.3 -7525.38 24546.1
745000 304.353 170.437 0.988123 -8950.08 1472.42 -7477.66 24546.1
746000 296.975 -153.226 0.988123 -8919.48 1436.72 -7482.76 24546.1
747000 296.256 252.927 0.988123 -8948 1433.24 -7514.75 24546.1
748000 301.672 -83.8909 0.988123 -8936.35 1459.44 -7476.91 24546.1
749000 298.575 172.295 0.988123 -8929.96 1444.46 -7485.5 24546.1
750000 296.04 -290.279 0.988123 -8953.39 1432.2 -7521.19 24546.1
751000 304.051 355.986 0.988123 -8869.26 1470.95 -7398.3 24546.1
752000 300.681 -346.443 0.988123 -8934.75 1454.65 -7480.1 24546.1
753000 292.803 -125.3 0.988123 -8956.05 1416.54 -7539.51 24546.1
754000 300.616 265.245 0.988123 -8918.79 1454.34 -7464.45 24546.1
755000 298.14 56.9017 0.988123 -8982.23 1442.36 -7539.87 24546.1
756000 301.215 382.503 0.988123 -8956.13 1457.24 -7498.89 24546.1
757000 300.245 208.049 0.988123 -8954.84 1452.54 -7502.3 24546.1
758000 296.927 -122.375 0.988123 -8985.73 1436.49 -7549.24 24546.1
759000 304.226 214.209 0.988123 -8933.7 1471.8 -7461.9 24546.1
760000 297.85 62.0823 0.988123 -8965.22 1440.96 -7524.26 24546.1
761000 299.852 -155.569 0.988123 -8950.49 1450.64 -7499.85 24546.1
762000 295.822 34.8042 0.988123 -9004.11 1431.15 -7572.97 24546.1
763000 297.088 500.16 0.988123 -8952.81 1437.27 -7515.54 24546.1
764000 297.988 -69.7486 0.988123 -8928.26 1441.62 -7486.64 24546.1
765000 298.728 -272.065 0.988123 -8881.29 1445.2 -7436.09 24546.1
766000 297.52 147.856 0.988123 -8882.06 1439.36 -7442.7 24546.1
767000 298.727 -184.666 0.988123 -8911.79 1445.2 -7466.59 24546.1
768000 301.086 -224.506 0.988123 -8861.68 1456.61 -7405.07 24546.1
769000 299.795 -54.5053 0.988123 -8906.23 1450.37 -7455.86 24546.1
770000 298.22 -109.374 0.988123 -8922.35 1442.75 -7479.6 24546.1
771000 302.18 8.51714 0.988123 -8887.95 1461.9 -7426.05 24546.1
772000 296.574 -501.165 0.988123 -8924.53 1434.78 -7489.75 24546.1
773000 300.584 -42.4755 0.988123 -8892.44 1454.18 -7438.26 24546.1
774000 301.882 -129.649 0.988123 -8878.48 1460.46 -7418.02 24546.1
775000 295.252 -301.577 0.988123 -8931.81 1428.39 -7503.42 24546.1
776000 301.623 7.55117 0.988123 -8894.19 1459.21 -7434.98 24546.1
777000 300.426 -260.376 0.988123 -8938.9 1453.42 -7485.48 24546.1
778000 296.115 -307.259 0.988123 -8948.49 1432.56 -7515.93 24546.1
779000 302.711 -277.502 0.988123 -8926.64 1464.47 -7462.17 24546.1
780000 296.45 13.9854 0.988123 -8951.75 1434.18 -7517.57 24546.1
781000 297.348 -32.4162 0.988123 -8911.96 1438.53 -7473.44 24546.1
782000 298.827 -205.888 0.988123 -8889.18 1445.68 -7443.5 24546.1
783000 295.168 15.6759 0.988123 -8910.68 1427.98 -7482.7 24546.1
784000 294.918 -295.066 0.988123 -8929.41 1426.77 -7502.63 24546.1
785000 301.911 -141.438 0.988123 -8917.41 1460.6 -7456.81 24546.1
786000 297.661 38.3977 0.988123 -8936.95 1440.04 -7496.91 24546.1
787000 303.363 128.177 0.988123 -8909.7 1467.63 -7442.07 24546.1
788000 303.206 -313.157 0.988123 -8914.36 1466.87 -7447.49 24546.1
789000 296.349 -156.131 0.988123 -8959.77 1433.69 -7526.07 24546.1
790000 298.139 -476.431 0.988123 -8914.07 1442.36 -7471.72 24546.1
791000 301.106 -228.963 0.988123 -8958.27 1456.71 -7501.56 24546.1
792000 297.189 -157.584 0.988123 -8996.14 1437.76 -7558.38 24546.1
793000 291.38 -320.822 0.988123 -9001.4 1409.66 -7591.75 24546.1
794000 300.7 -291.584 0.988123 -8941.04 1454.74 -7486.3 24546.1
795000 297.127 -379.861 0.988123 -8974.79 1437.46 -7537.34 24546.1
796000 297.485 -441.225 0.988123 -9022.02 1439.19 -7582.83 24546.1
797000 293.777 278.852 0.988123 -9057.71 1421.25 -7636.46 24546.1
798000 298.12 -487.097 0.988123 -8988.42 1442.26 -7546.15 24546.1
799000 298.329 -198.775 0.988123 -8924.45 1443.27 -7481.17 24546.1
800000 301.778 41.5614 0.988123 -8910.47 1459.96 -7450.51 24546.1
801000 295.425 -532.039 0.988123 -8943.86 1429.23 -7514.64 24546.1
802000 295.901 -358.339 0.988123 -8979.21 1431.53 -7547.69 24546.1
803000 292.094 -185.271 0.988123 -9003.76 1413.11 -7590.65 24546.1
804000 295.695 -440.576 0.988123 -8953.39 1430.53 -7522.86 24546.1
805000 301.493 -469.037 0.988123 -8909.21 1458.58 -7450.63 24546.1
806000 289.929 -444.349 0.988123 -8927.56 1402.64 -7524.92 24546.1
807000 297.473 -34.3171 0.988123 -8891.67 1439.13 -7452.54 24546.1
808000 296.506 -419.191 0.988123 -8901.77 1434.45 -7467.32 24546.1
809000 296.702 -353.905 0.988123 -8954.19 1435.4 -7518.78 24546.1
810000 298.062 -501.968 0.988123 -8918.56 1441.98 -7476.58 24546.1
811000 302.648 -109.401 0.988123 -8884.24 1464.17 -7420.08 24546.1
812000 299.435 -105.097 0.988123 -8980.25 1448.62 -7531.63 24546.1
813000 297.842 65.3649 0.988123 -8975.9 1440.92 -7534.98 24546.1
814000 300.642 36.8945 0.988123 -8919.55 1454.46 -7465.09 24546.1
815000 297.053 -230.882 0.988123 -8959.52 1437.1 -7522.42 24546.1
816000 293.68 -4.34027 0.988123 -8982.53 1420.78 -7561.75 24546.1
817000 302.367 -155.784 0.988123 -8972.81 1462.81 -7510 24546.1
818000 300.649 -334.383 0.988123 -8933.16 1454.5 -7478.67 24546.1
819000 300.619 -126.517 0.988123 -8857.7 1454.35 -7403.34 24546.1
820000 293.879 -255.191 0.988123 -8911.78 1421.74 -7490.04 24546.1
821000 303.28 33.405 0.988123 -8873.86 1467.22 -7406.63 24546.1
822000 301.458 -349.13 0.988123 -8907.97 1458.41 -7449.56 24546.1
823000 294.926 69.6011 0.988123 -8946.43 1426.81 -7519.62 24546.1
824000 302.708 224.58 0.988123 -8902.04 1464.46 -7437.58 24546.1
825000 293.92 -299.897 0.988123 -8898.05 1421.94 -7476.11 24546.1
826000 298.645 -179.755 0.988123 -8898.31 1444.8 -7453.51 24546.1
827000 295.728 -578.25 0.988123 -8915.75 1430.69 -7485.06 24546.1
828000 294.995 -336.966 0.988123 -8958.15 1427.14 -7531.01 24546.1
829000 299.644 -227.828 0.988123 -8913.47 1449.63 -7463.83 24546.1
830000 295.84 -297.229 0.988123 -8969.91 1431.23 -7538.67 24546.1
831000 293.609 68.8809 0.988123 -8948.44 1420.44 -7528 24546.1
832000 297.563 88.5103 0.988123 -8932.81 1439.57 -7493.24 24546.1
833000 291.02 -17.0411 0.988123 -8993.53 1407.91 -7585.61 24546.1
834000 295.356 -15.7731 0.988123 -8961.63 1428.89 -7532.74 24546.1
835000 300.863 74.5425 0.988123 -8916.08 1455.53 -7460.55 24546.1
836000 292.486 -236.919 0.988123 -8947.64 1415.01 -7532.63 24546.1
837000 300.763 160.146 0.988123 -8925.08 1455.05 -7470.03 24546.1
838000 294.245 -294.857 0.988123 -8956.22 1423.51 -7532.71 24546.1
839000 298.83 -253.667 0.988123 -8928.62 1445.69 -7482.92 24546.1
840000 299.181 232.339 0.988123 -8924.15 1447.4 -7476.76 24546.1
841000 297.083 420.584 0.988123 -8964.89 1437.25 -7527.65 24546.1
842000 299.081 112.078 0.988123 -8923.23 1446.91 -7476.32 24546.1
843000 301.842 -86.591 0.988123 -8957.61 1460.27 -7497.35 24546.1
844000 296.938 355.923 0.988123 -8987.31 1436.54 -7550.77 24546.1
845000 302.382 70.404 0.988123 -8931.98 1462.88 -7469.1 24546.1
846000 294.565 -27.8325 0.988123 -8973.25 1425.06 -7548.18 24546.1
847000 302.093 200.756 0.988123 -8933.06 1461.48 -7471.57 24546.1
848000 296.274 -145.38 0.988123 -8903.12 1433.33 -7469.79 24546.1
849000 300.992 232.498 0.988123 -8915.58 1456.16 -7459.43 24546.1
850000 298.833 44.915 0.988123 -8895.03 1445.71 -7449.32 24546.1
851000 296.022 -359.048 0.988123 -8937.38 1432.11 -7505.26 24546.1
852000 305.894 -219.171 0.988123 -8871.47 1479.87 -7391.6 24546.1
853000 301.602 -514.883 0.988123 -8903.48 1459.11 -7444.37 24546.1
854000 295.742 -58.6849 0.988123 -8909.71 1430.75 -7478.96 24546.1
855000 297.456 -256.571 0.988123 -8938.2 1439.05 -7499.15 24546.1
856000 299.955 -202.17 0.988123 -8905.34 1451.14 -7454.2 24546.1
857000 295.792 -148.874 0.988123 -8995.33 1431 -7564.34 24546.1
858000 298.305 -129.839 0.988123 -8944.33 1443.15 -7501.17 24546.1
859000 297.728 -475.282 0.988123 -8907.81 1440.36 -7467.45 24546.1
860000 304.812 173.186 0.988123 -8875.84 1474.63 -7401.2 24546.1
861000 298.86 -219.139 0.988123 -8941.17 1445.84 -7495.33 24546.1
862000 295.656 -247.5 0.988123 -8987.55 1430.34 -7557.21 24546.1
863000 293.348 -523.323 0.988123 -8995.91 1419.18 -7576.73 24546.1
864000 300.873 123.199 0.988123 -8955.03 1455.58 -7499.45 24546.1
865000 296.903 -394.957 0.988123 -8955.65 1436.37 -7519.28 24546.1
866000 292.263 -205.945 0.988123 -8967.84 1413.93 -7553.91 24546.1
867000 295.791 -705.494 0.988123 -8899.99 1430.99 -7468.99 24546.1
868000 301.765 -30.3471 0.988123 -8856.78 1459.89 -7396.88 24546.1
869000 301.208 -117.33 0.988123 -8900.94 1457.2 -7443.74 24546.1
870000 294.82 167.573 0.988123 -8928.19 1426.3 -7501.9 24546.1
871000 301.521 241.135 0.988123 -8883.69 1458.71 -7424.98 24546.1
872000 295.577 -167.141 0.988123 -8900.57 1429.96 -7470.61 24546.1
873000 297.174 48.8155 0.988123 -8993.22 1437.69 -7555.54 24546.1
874000 297.262 -215.727 0.988123 -8969.38 1438.11 -7531.27 24546.1
875000 300.195 263.305 0.988123 -8903.91 1452.3 -7451.62 24546.1
876000 291.585 -133.195 0.988123 -8948.3 1410.65 -7537.65 24546.1
877000 297.13 -373.942 0.988123 -8941.51 1437.47 -7504.04 24546.1
878000 299.865 -601.971 0.988123 -8877.35 1450.7 -7426.65 24546.1
879000 301.488 27.8053 0.988123 -8914.44 1458.56 -7455.89 24546.1
880000 296.456 -74.8694 0.988123 -8920.1 1434.21 -7485.89 24546.1
881000 297.241 -32.4333 0.988123 -8915.31 1438.01 -7477.3 24546.1
882000 302.381 -240.311 0.988123 -8874.65 1462.88 -7411.77 24546.1
883000 296.946 -345.822 0.988123 -8940.56 1436.58 -7503.98 24546.1
884000 294.157 -188.089 0.988123 -8946.07 1423.09 -7522.98 24546.1
885000 301.118 190.628 0.988123 -8917.93 1456.77 -7461.16 24546.1
886000 296.068 -297.242 0.988123 -8928.37 1432.33 -7496.04 24546.1
887000 298.395 24.0919 0.988123 -8957.7 1443.59 -7514.11 24546.1
888000 297.513 13.9786 0.988123 -8934.87 1439.33 -7495.54 24546.1
889000 300.205 -55.9006 0.988123 -8933.9 1452.35 -7481.55 24546.1
890000 296.862 -174.12 0.988123 -8972.62 1436.18 -7536.45 24546.1
891000 300.247 1.19255 0.988123 -8945.79 1452.55 -7493.24 24546.1
892000 302.16 -248.034 0.988123 -8903.73 1461.81 -7441.93 24546.1
893000 296.249 -356.525 0.988123 -8957.42 1433.21 -7524.21 24546.1
894000 292.973 95.8402 0.988123 -8998.02 1417.36 -7580.65 24546.1
895000 297.206 -263.987 0.988123 -8973.75 1437.84 -7535.92 24546.1
896000 301.105 -205.091 0.988123 -8917.02 1456.7 -7460.31 24546.1
897000 294.927 -55.7271 0.988123 -8956.46 1426.82 -7529.65 24546.1
898000 294.52 174.864 0.988123 -8984.7 1424.85 -7559.86 24546.1
899000 299.13 238.855 0.988123 -8953.95 1447.15 -7506.8 24546.1
900000 291.717 -164.069 0.988123 -8990.16 1411.28 -7578.87 24546.1
901000 300.372 145.921 0.988123 -8954 1453.16 -7500.85 24546.1
902000 293.525 -442.844 0.988123 -8942.89 1420.03 -7522.86 24546.1
903000 301.945 -395.173 0.988123 -8908.91 1460.77 -7448.14 24546.1
904000 297.806 -270.111 0.988123 -8971.87 1440.74 -7531.13 24546.1
905000 298.058 76.8102 0.988123 -8948.35 1441.96 -7506.39 24546.1
906000 306.211 5.52434 0.988123 -8876.82 1481.41 -7395.41 24546.1
907000 302.082 53.9087 0.988123 -8924.49 1461.43 -7463.06 24546.1
908000 294.328 -428.351 0.988123 -8979.79 1423.92 -7555.88 24546.1
909000 302.795 -112.625 0.988123 -8949.4 1464.88 -7484.53 24546.1
910000 293.898 -215.856 0.988123 -8944.97 1421.84 -7523.14 24546.1
911000 299.99 -152.283 0.988123 -8892.04 1451.31 -7440.74 24546.1
912000 300.424 -432.165 0.988123 -8916.39 1453.41 -7462.99 24546.1
913000 293.621 -331.054 0.988123 -8918.44 1420.49 -7497.94 24546.1
914000 300.528 112.45 0.988123 -8939.25 1453.91 -7485.33 24546.1
915000 298.205 13.6037 0.988123 -8989.39 1442.67 -7546.72 24546.1
916000 292.236 -71.4607 0.988123 -9014.43 1413.8 -7600.64 24546.1
917000 296.174 27.2043 0.988123 -8980.72 1432.85 -7547.88 24546.1
918000 303.193 -232.756 0.988123 -8929.2 1466.8 -7462.4 24546.1
919000 302.517 -108.195 0.988123 -8898.82 1463.53 -7435.29 24546.1
920000 298.326 12.7987 0.988123 -8930.55 1443.26 -7487.29 24546.1
921000 293.653 163.138 0.988123 -8963.9 1420.65 -7543.25 24546.1
922000 298.93 71.0463 0.988123 -8940.75 1446.18 -7494.57 24546.1
923000 298.042 -164.077 0.988123 -8939.1 1441.88 -7497.22 24546.1
924000 301.624 242.686 0.988123 -8920.4 1459.21 -7461.19 24546.1
925000 296.497 -445.479 0.988123 -8954.31 1434.41 -7519.9 24546.1
926000 301.376 -330.218 0.988123 -8919.85 1458.01 -7461.84 24546.1
927000 302.716 72.1568 0.988123 -8885.44 1464.5 -7420.94 24546.1
928000 295.831 -7.25627 0.988123 -8949.51 1431.19 -7518.32 24546.1
929000 301.08 -279.145 0.988123 -8917.91 1456.58 -7461.33 24546.1
930000 302.569 -0.858295 0.988123 -8966.57 1463.78 -7502.79 24546.1
931000 297.532 65.1554 0.988123 -8978.66 1439.42 -7539.25 24546.1
932000 301.99 183.28 0.988123 -8934.12 1460.98 -7473.14 24546.1
933000 297.943 -211.276 0.988123 -8931.09 1441.41 -7489.69 24546.1
934000 302.67 -162.815 0.988123 -8927.4 1464.27 -7463.13 24546.1
935000 296.746 -245.114 0.988123 -8926.8 1435.61 -7491.19 24546.1
936000 294.845 -36.7176 0.988123 -8975.51 1426.42 -7549.09 24546.1
937000 298.829 -347.05 0.988123 -8919.11 1445.69 -7473.42 24546.1
938000 299.817 -199.807 0.988123 -8956.78 1450.47 -7506.31 24546.1
939000 296.825 26.8031 0.988123 -8986.96 1436 -7550.96 24546.1
940000 299.566 -184.457 0.988123 -8938.43 1449.25 -7489.18 24546.1
941000 296.72 -17.4564 0.988123 -8933.92 1435.49 -7498.43 24546.1
942000 295.224 143.156 0.988123 -8949.52 1428.25 -7521.27 24546.1
943000 299.186 -404.601 0.988123 -8916.25 1447.42 -7468.83 24546.1
944000 293.599 -269.319 0.988123 -8963.39 1420.39 -7543 24546.1
945000 301.529 -302.526 0.988123 -8967.9 1458.75 -7509.15 24546.1
946000 304.427 -112.906 0.988123 -8903.24 1472.78 -7430.47 24546.1
947000 296.434 59.7141 0.988123 -8939.37 1434.1 -7505.27 24546.1
948000 297.188 -333.682 0.988123 -8930.5 1437.75 -7492.75 24546.1
949000 301.584 116.47 0.988123 -8905.81 1459.02 -7446.79 24546.1
950000 298.044 -386.126 0.988123 -8947.35 1441.89 -7505.45 24546.1
951000 295.983 -158.965 0.988123 -8949.15 1431.92 -7517.23 24546.1
952000 299.313 118.621 0.988123 -8938.93 1448.03 -7490.9 24546.1
953000 300.812 177.671 0.988123 -8945.08 1455.28 -7489.8 24546.1
954000 296.528 -254.905 0.988123 -8995.13 1434.56 -7560.57 24546.1
955000 298.229 -217.678 0.988123 -8923.79 1442.79 -7481 24546.1
956000 295.62 -26.8152 0.988123 -8940.57 1430.17 -7510.4 24546.1
957000 300.909 -2.49259 0.988123 -8946.94 1455.75 -7491.18 24546.1
958000 297.088 -368.316 0.988123 -8904.54 1437.27 -7467.27 24546.1
959000 295.156 -255.983 0.988123 -8966.6 1427.92 -7538.68 24546.1
960000 298.487 -154.247 0.988123 -8968.26 1444.04 -7524.23 24546.1
961000 298.771 -604.446 0.988123 -8928.22 1445.41 -7482.81 24546.1
962000 292.114 -539.728 0.988123 -9016.54 1413.21 -7603.34 24546.1
963000 294.545 -345.852 0.988123 -9004.51 1424.97 -7579.55 24546.1
964000 301.414 123.27 0.988123 -8954.36 1458.2 -7496.16 24546.1
965000 305.265 95.1377 0.988123 -8888.45 1476.83 -7411.63 24546.1
966000 300.484 -15.2305 0.988123 -8959.1 1453.7 -7505.4 24546.1
967000 296.119 -221.904 0.988123 -8948.55 1432.58 -7515.97 24546.1
968000 300.024 94.9451 0.988123 -8892.52 1451.47 -7441.05 24546.1
969000 297.181 -52.5602 0.988123 -8939.65 1437.72 -7501.93 24546.1
970000 302.466 124.72 0.988123 -8906.84 1463.29 -7443.55 24546.1
971000 297.21 170.607 0.988123 -8946.69 1437.86 -7508.83 24546.1
972000 299.258 -286.256 0.988123 -8932.81 1447.77 -7485.04 24546.1
973000 301.811 74.9535 0.988123 -8915.84 1460.12 -7455.72 24546.1
974000 297.45 -422.599 0.988123 -8946.62 1439.02 -7507.61 24546.1
975000 292.592 -294.59 0.988123 -9001.61 1415.52 -7586.09 24546.1
976000 300.484 159.461 0.988123 -8987.89 1453.7 -7534.19 24546.1
977000 297.765 278.541 0.988123 -8965.17 1440.54 -7524.62 24546.1
978000 293.352 158.552 0.988123 -8990.48 1419.19 -7571.29 24546.1
979000 297.614 48.2163 0.988123 -8913.15 1439.81 -7473.34 24546.1
980000 295.107 -403.461 0.988123 -8946.06 1427.68 -7518.37 24546.1
981000 295.548 -314.856 0.988123 -9010.22 1429.82 -7580.41 24546.1
982000 302.89 25.3008 0.988123 -8953.18 1465.34 -7487.84 24546.1
983000 295.005 -260.073 0.988123 -8983.98 1427.19 -7556.79 24546.1
984000 299.33 -35.137 0.988123 -9000.51 1448.12 -7552.39 24546.1
985000 296.685 -26.783 0.988123 -8921.27 1435.32 -7485.95 24546.1
986000 299.059 -111.257 0.988123 -8928.38 1446.8 -7481.58 24546.1
987000 296.984 -295.777 0.988123 -8980.91 1436.76 -7544.15 24546.1
988000 298.151 39.0564 0.988123 -8934.42 1442.41 -7492.01 24546.1
989000 295.032 -511.177 0.988123 -8933.33 1427.32 -7506.01 24546.1
990000 298.488 -331.954 0.988123 -8880.22 1444.04 -7436.17 24546.1
991000 296.637 -362.408 0.988123 -8905.47 1435.09 -7470.38 24546.1
992000 295.259 -131.981 0.988123 -8920.62 1428.42 -7492.2 24546.1
993000 301.848 64.7284 0.988123 -8887.52 1460.3 -7427.22 24546.1
994000 296.064 -19.3867 0.988123 -8887.9 1432.32 -7455.59 24546.1
995000 294.362 -308.956 0.988123 -8959.71 1424.08 -7535.63 24546.1
996000 291.277 -632.07 0.988123 -8972.4 1409.15 -7563.25 24546.1
997000 302.434 19.9907 0.988123 -8933.09 1463.13 -7469.96 24546.1
998000 296.724 -176.83 0.988123 -8981.91 1435.51 -7546.4 24546.1
999000 295.813 -76.342 0.988123 -8949.3 1431.1 -7518.2 24546.1
1000000 297.319 -639.232 0.988123 -8920.27 1438.39 -7481.88 24546.1
